=~=~=~=~=~=~=~=~=~=~=~= PuTTY log 2018.04.21 12:51:49 =~=~=~=~=~=~=~=~=~=~=~=
01;
166273632;0.0000;
56;166275281;-0.0002{l$|$|l#|rbpoN$no#pl{l{lpo$bN|lpNnld`2oN$`ornBlrnBl2l oInitialize INA219
-----------------------------------------------
I2C:                 
ADR: (0x40)
Pins: 4 SCL, 5 SDA
SCL: 1000k
STRETCH: 0ms
Mode:                 Shunt Voltage, Continuous
Range:                16V
Gain:                 +/- 40mV
Bus resolution:       9-bit
Shunt resolution:     9-bit / 1 sample
Max possible current: 0.40 A
Max current:          0.40 A
Max shunt voltage:    0.04 V
Max power:            6.40 W
69324;0.0000;
70661;-0.0001;
72007;0.0000;
73309;0.0000;
74610;0.0000;
75911;-0.0001;
77299;-0.0002;
78687;-0.0002;
80075;0.0001;
81376;-0.0001;
82764;0.0000;
84066;-0.0001;
85454;-0.0001;
86842;-0.0002;
88230;0.0000;
89531;0.0001;
90838;0.0000;
92134;0.0000;
93435;-0.0002;
94823;-0.0002;
96211;0.0000;
97512;-0.0002;
98900;-0.0002;
100288;-0.0002;
101763;0.0000;
103151;-0.0002;
104626;-0.0002;
106100;-0.0002;
107575;0.0000;
108963;-0.0001;
110438;0.0000;
111826;-0.0001;
113300;0.0000;
114693;-0.0002;
116163;0.0000;
117551;0.0000;
118939;-0.0001;
120414;-0.0002;
121889;0.0000;
123277;0.0000;
124665;-0.0002;
126139;0.0001;
127528;0.0001;
128916;-0.0002;
130390;-0.0001;
131865;0.0000;
133253;-0.0001;
134728;-0.0001;
136203;0.0000;
137590;-0.0001;
139109;-0.0002;
140580;-0.0001;
142015;0.0000;
143403;-0.0001;
146004;0.0000;
146268;0.0001;
147753;-0.0003;
149130;-0.0002;
150603;-0.0001;
152078;0.0000;
153466;0.0000;
154854;-0.0001;
156328;-0.0001;
157803;0.0000;
159191;0.0000;
160579;0.0000;
161967;0.0000;
163355;-0.0002;
164842;0.0000;
166218;0.0000;
167606;-0.0003;
169081;0.0000;
170469;0.0000;
171857;0.0000;
173245;0.0000;
174633;-0.0001;
176108;-0.0001;
177582;-0.0001;
179057;0.0000;
180445;0.0000;
181833;-0.0002;
183308;-0.0002;
184783;-0.0002;
186257;0.0000;
187645;-0.0001;
189120;-0.0001;
190600;-0.0002;
192069;-0.0003;
193544;0.0000;
194932;0.0000;
196320;0.0000;
197708;-0.0002;
199183;-0.0001;
200658;-0.0002;
202132;-0.0002;
203607;0.0000;
204995;0.0000;
206383;-0.0001;
207858;0.0000;
55;209246;-0.0001;
210981;-0.0001;
212456;-0.0001;
213930;-0.0001;
215410;-0.0001;
216880;-0.0001;
218355;-0.0001;
219829;-0.0001;
221304;0.0000;
222692;-0.0001;
224167;-0.0002;
225642;-0.0001;
227116;0.0001;
228504;-0.0002;
229979;-0.0001;
231454;-0.0001;
232929;-0.0001;
234404;0.0000;
235791;-0.0001;
237266;-0.0001;
238741;-0.0002;
240250;-0.0001;
241691;-0.0002;
243165;-0.0002;
244640;0.0000;
246028;-0.0001;
247503;-0.0002;
249004;-0.0001;
250470;0.0002;
251840;0.0000;
253228;-0.0002;
254703;-0.0002;
256178;-0.0002;
257652;0.0000;
259040;-0.0002;
260515;-0.0002;
261990;-0.0002;
263465;-0.0001;
264945;0.0000;
266327;0.0000;
267716;0.0000;
269103;-0.0002;
270578;0.0000;
271966;-0.0001;
273441;0.0000;
274829;-0.0001;
276304;0.0000;
277692;0.0000;
279080;0.0000;
280468;-0.0002;
281942;0.0000;
283330;0.0000;
284719;-0.0002;
286193;-0.0001;
287668;-0.0002;
289143;0.0001;
290536;-0.0001;
292005;-0.0001;
293480;0.0000;
294868;0.0001;
296256;-0.0001;
297731;0.0000;
299119;-0.0001;
300594;0.0000;
301982;-0.0002;
303456;0.0000;
304844;-0.0002;
306319;-0.0003;
307794;-0.0002;
309269;-0.0002;
310744;-0.0001;
312218;0.0000;
313606;0.0000;
315000;0.0000;
316382;-0.0003;
317857;0.0000;
319245;-0.0001;
320720;-0.0001;
322195;-0.0002;
323669;0.0000;
325057;0.0000;
326445;0.0000;
327833;-0.0003;
329308;-0.0001;
330783;-0.0002;
332257;-0.0001;
333732;0.0000;
335120;-0.0002;
336595;-0.0001;
338070;0.0000;
339458;-0.0002;
340955;0.0000;
342320;0.0000;
343708;0.0000;
345097;-0.0001;
346571;-0.0001;
348046;-0.0002;
349521;-0.0001;
351020;-0.0001;
352488;0.0002;
56;353858;-0.0002;
355593;0.0000;
356981;-0.0001;
358456;0.0000;
359844;0.0000;
361232;-0.0002;
362707;0.0000;
364095;-0.0003;
365575;0.0000;
366958;0.0000;
368346;-0.0002;
369820;-0.0002;
371295;-0.0002;
372770;-0.0002;
374245;0.0001;
375633;0.0001;
377021;-0.0001;
378495;0.0000;
379883;0.0000;
381271;0.0000;
382659;0.0000;
384047;-0.0001;
385522;0.0000;
386910;-0.0002;
388385;-0.0001;
389865;0.0000;
391247;-0.0003;
392722;-0.0001;
394197;0.0000;
395585;-0.0001;
397060;-0.0001;
398535;-0.0001;
400009;-0.0001;
401484;0.0000;
402872;0.0000;
404260;-0.0001;
405735;-0.0002;
407209;0.0000;
408598;-0.0002;
410072;0.0000;
411460;-0.0001;
412935;0.0000;
414323;0.0000;
415716;-0.0001;
417186;-0.0001;
418661;0.0000;
420049;-0.0001;
421523;-0.0001;
422998;-0.0002;
424473;-0.0001;
425947;0.0000;
427335;0.0000;
428724;0.0001;
430111;-0.0001;
431586;-0.0002;
433061;0.0000;
434449;0.0000;
435837;0.0000;
437225;0.0000;
438613;-0.0001;
440101;0.0000;
441487;-0.0001;
442950;0.0000;
444339;0.0000;
445726;0.0000;
447114;0.0000;
448503;-0.0002;
449977;-0.0002;
451452;-0.0001;
452951;-0.0001;
454419;-0.0002;
455876;-0.0001;
457351;-0.0002;
458826;-0.0001;
460301;0.0000;
461688;0.0000;
463076;-0.0001;
464551;-0.0001;
466031;-0.0001;
467501;0.0000;
468889;0.0000;
470277;0.0000;
471665;0.0000;
473053;-0.0002;
474528;-0.0001;
476002;-0.0002;
477477;-0.0001;
478952;-0.0001;
480426;-0.0002;
481901;-0.0001;
483376;0.0000;
484764;-0.0001;
486239;0.0000;
487627;-0.0002;
489101;-0.0002;
490582;-0.0002;
492051;0.0000;
493439;0.0000;
494827;-0.0002;
496302;-0.0003;
56;497776;-0.0003;
499511;0.0000;
500900;-0.0001;
502374;-0.0001;
503849;-0.0001;
505324;0.0001;
506712;0.0000;
508100;-0.0001;
509574;0.0000;
510963;0.0001;
512350;-0.0002;
513825;0.0000;
515218;0.0000;
516601;-0.0002;
518076;-0.0001;
519551;0.0000;
520939;-0.0002;
522413;-0.0001;
523888;-0.0001;
525363;-0.0001;
526838;-0.0002;
528312;0.0000;
529701;-0.0001;
531175;0.0000;
532563;-0.0002;
534038;-0.0001;
535513;-0.0002;
536987;-0.0001;
538462;-0.0003;
539947;-0.0001;
541412;-0.0001;
542899;-0.0002;
544361;0.0000;
545749;-0.0002;
547224;0.0000;
548612;0.0000;
550000;-0.0002;
551475;0.0000;
552863;0.0000;
554251;-0.0003;
555750;-0.0001;
557216;-0.0002;
558675;-0.0002;
560150;-0.0002;
561624;0.0000;
563012;-0.0002;
564487;-0.0002;
565991;-0.0002;
567437;-0.0003;
568911;0.0000;
570299;0.0000;
571687;-0.0002;
573162;0.0000;
574550;-0.0002;
576025;0.0000;
577413;-0.0001;
578888;0.0000;
580276;0.0000;
581664;-0.0002;
583139;-0.0002;
584613;0.0000;
586001;-0.0002;
587476;-0.0003;
588951;0.0000;
590344;0.0000;
591727;0.0002;
593115;0.0000;
594503;-0.0001;
595978;0.0000;
597365;-0.0002;
598840;-0.0002;
600315;-0.0001;
601790;0.0000;
603178;-0.0001;
604652;0.0000;
606041;-0.0001;
607515;0.0000;
608903;-0.0001;
610378;-0.0002;
611853;0.0001;
613241;-0.0002;
614721;-0.0002;
616190;-0.0002;
617665;-0.0002;
619140;-0.0001;
620614;-0.0001;
622089;0.0000;
623477;-0.0002;
624952;-0.0002;
626427;-0.0001;
627901;0.0000;
629289;-0.0002;
630764;-0.0001;
632239;0.0000;
633627;-0.0001;
635102;-0.0002;
636576;-0.0002;
638051;0.0000;
639439;-0.0001;
640919;-0.0002;
56;642389;-0.0001;
644139;-0.0001;
645598;0.0000;
646987;0.0000;
648375;-0.0002;
649849;-0.0001;
651324;0.0000;
652712;-0.0002;
654187;0.0001;
655575;-0.0001;
657049;0.0000;
658462;-0.0001;
659912;-0.0001;
661405;-0.0002;
662862;-0.0001;
664336;-0.0002;
665825;-0.0002;
667286;-0.0002;
668761;-0.0001;
670235;-0.0001;
671710;0.0000;
673098;-0.0001;
674573;-0.0002;
676048;-0.0002;
677522;-0.0001;
678997;-0.0002;
680472;-0.0001;
681947;-0.0001;
683422;-0.0002;
684896;-0.0002;
686371;-0.0002;
687846;0.0000;
689234;0.0000;
690627;0.0000;
692010;-0.0002;
693485;0.0000;
694873;-0.0001;
696347;-0.0001;
697822;0.0000;
699210;-0.0001;
700685;0.0000;
702073;-0.0002;
703548;0.0000;
704936;-0.0001;
706410;-0.0002;
707885;-0.0002;
709360;-0.0001;
710834;0.0000;
712222;0.0000;
713610;-0.0001;
715091;0.0000;
716473;-0.0001;
717948;0.0000;
719336;0.0001;
720724;0.0001;
722112;-0.0001;
723587;0.0000;
724975;0.0001;
726363;-0.0001;
727838;0.0000;
729225;0.0000;
730613;-0.0002;
732088;-0.0001;
733563;-0.0001;
735038;-0.0001;
736512;-0.0002;
737987;0.0000;
739375;0.0000;
740768;-0.0001;
742238;0.0000;
743626;-0.0002;
745112;0.0000;
746489;0.0001;
747877;-0.0003;
749351;-0.0002;
750826;-0.0001;
752301;-0.0001;
753776;-0.0002;
755251;0.0000;
756638;-0.0001;
758113;0.0000;
759501;-0.0001;
761000;-0.0001;
762451;-0.0001;
763943;0.0001;
765327;-0.0003;
766788;0.0000;
768176;-0.0001;
769651;0.0000;
771039;-0.0003;
772514;-0.0002;
773988;-0.0002;
775463;0.0000;
776851;-0.0001;
778326;0.0000;
779714;-0.0003;
781189;-0.0001;
782663;0.0000;
784051;-0.0002;
785526;0.0000;
56;786914;-0.0002;
788649;-0.0001;
790130;-0.0001;
791599;0.0000;
792987;0.0000;
794375;-0.0002;
795850;0.0000;
797238;0.0000;
798625;-0.0001;
800100;0.0001;
801488;-0.0002;
802963;-0.0002;
804438;0.0000;
805826;0.0000;
807214;0.0000;
808602;-0.0002;
810076;-0.0001;
811551;-0.0001;
813026;0.0000;
814414;-0.0003;
815894;0.0000;
817277;0.0001;
818665;-0.0001;
820139;0.0000;
821527;-0.0003;
823002;-0.0002;
824477;0.0000;
825865;-0.0001;
827340;-0.0003;
828814;-0.0001;
830289;-0.0003;
831764;0.0001;
833152;-0.0002;
834627;-0.0001;
836102;-0.0001;
837576;-0.0002;
839051;-0.0001;
840531;-0.0002;
842000;-0.0001;
843475;-0.0001;
844950;0.0000;
846349;-0.0001;
847813;0.0000;
849201;-0.0002;
850675;-0.0001;
852150;-0.0001;
853625;-0.0003;
855100;-0.0002;
856575;0.0000;
857962;-0.0002;
859437;0.0000;
860825;0.0000;
862238;0.0000;
863601;-0.0003;
865107;0.0000;
866464;-0.0002;
867939;0.0000;
869327;-0.0002;
870801;-0.0002;
872276;-0.0001;
873751;-0.0001;
875226;-0.0003;
876700;-0.0002;
878175;-0.0002;
879650;-0.0001;
881125;-0.0001;
882600;-0.0002;
884074;-0.0002;
885549;-0.0001;
887024;-0.0001;
888499;-0.0002;
889979;0.0000;
891361;0.0000;
892749;0.0000;
894137;-0.0002;
895612;-0.0001;
897087;0.0000;
898475;-0.0001;
899950;0.0000;
901337;0.0000;
902725;0.0000;
904114;-0.0002;
905588;0.0000;
906976;-0.0002;
908451;-0.0002;
909926;-0.0001;
911400;-0.0001;
912875;0.0000;
914263;-0.0002;
915744;-0.0001;
917213;-0.0001;
918687;0.0000;
920076;-0.0002;
921550;-0.0001;
923025;-0.0002;
924500;-0.0001;
925974;-0.0001;
927449;-0.0001;
928924;0.0000;
930312;0.0000;
56;931700;0.0000;
933348;0.0000;
934736;-0.0001;
936211;0.0000;
937599;0.0000;
938987;-0.0002;
940467;-0.0001;
941936;-0.0002;
943411;0.0000;
944799;-0.0001;
946274;-0.0002;
947760;0.0000;
949137;-0.0002;
950611;0.0000;
952000;-0.0002;
953474;0.0000;
954862;-0.0002;
956337;-0.0002;
957812;-0.0003;
959287;0.0000;
960674;0.0000;
962062;0.0000;
963451;-0.0001;
964930;0.0000;
966338;-0.0002;
967806;-0.0001;
969263;0.0000;
970651;0.0000;
972039;0.0000;
973427;0.0000;
974815;-0.0001;
976290;0.0000;
977677;0.0000;
979066;0.0000;
980453;-0.0002;
981928;0.0000;
983316;-0.0001;
984791;-0.0002;
986266;0.0001;
987654;0.0000;
989042;0.0000;
990444;-0.0002;
991905;0.0000;
993292;-0.0001;
994767;-0.0002;
996242;0.0000;
997630;0.0000;
999018;-0.0001;
1000493;0.0001;
1001968;0.0000;
1003442;-0.0001;
1005004;-0.0001;
1006565;-0.0002;
1008127;-0.0002;
1009688;0.0001;
1011163;0.0000;
1012638;-0.0001;
1014199;0.0000;
1015679;0.0000;
1017149;-0.0001;
1018710;-0.0002;
1020272;-0.0001;
1021833;0.0000;
1023308;-0.0002;
1024870;-0.0002;
1026435;0.0000;
1027906;0.0000;
1029380;-0.0001;
1030942;-0.0002;
1032503;0.0000;
1033978;-0.0001;
1035540;-0.0002;
1037101;0.0001;
1038576;0.0000;
1040056;-0.0001;
1041612;0.0000;
1043087;-0.0002;
1044648;0.0000;
1046123;-0.0001;
1047685;0.0000;
1049171;0.0000;
1050634;-0.0001;
1052196;-0.0001;
1053757;0.0000;
1055232;-0.0001;
1056793;-0.0001;
1058355;-0.0002;
1059917;-0.0001;
1061478;-0.0001;
1063039;-0.0002;
1064606;-0.0001;
1066162;-0.0002;
1067748;-0.0002;
1069303;-0.0002;
1070847;0.0000;
1072322;-0.0003;
1073883;-0.0003;
1075445;0.0000;
1076919;0.0000;
1078394;0.0000;
56;1079869;0.0001;
1081604;-0.0001;
1083166;-0.0002;
1084727;-0.0001;
1086288;0.0000;
1087763;0.0000;
1089238;-0.0002;
1090864;0.0000;
1092274;-0.0002;
1093836;0.0000;
1095310;-0.0002;
1096872;0.0000;
1098347;-0.0002;
1099908;0.0000;
1101383;0.0000;
1102858;-0.0002;
1104419;0.0002;
1105894;0.0000;
1107369;-0.0001;
1108930;-0.0001;
1110492;0.0000;
1111966;0.0000;
1113441;0.0001;
1114921;-0.0002;
1116478;-0.0001;
1118039;0.0000;
1119514;-0.0001;
1121075;-0.0001;
1122637;-0.0002;
1124198;-0.0001;
1125760;0.0000;
1127234;0.0000;
1128709;-0.0002;
1130271;-0.0001;
1131832;0.0000;
1133307;0.0001;
1134782;0.0001;
1136257;-0.0001;
1137818;-0.0002;
1139379;-0.0001;
1140946;-0.0001;
1142502;-0.0002;
1144064;-0.0001;
1145625;-0.0001;
1147187;0.0000;
1148662;-0.0002;
1150237;0.0000;
1151698;0.0000;
1153173;-0.0002;
1154734;-0.0002;
1156296;0.0000;
1157771;0.0000;
1159245;-0.0002;
1160807;0.0000;
1162281;0.0001;
1163756;-0.0003;
1165323;-0.0001;
1166879;0.0000;
1168354;-0.0001;
1169940;0.0000;
1171408;-0.0001;
1172952;-0.0002;
1174513;0.0000;
1175988;0.0000;
1177463;-0.0001;
1179024;-0.0002;
1180586;-0.0002;
1182147;0.0000;
1183622;-0.0002;
1185183;0.0001;
1186658;-0.0001;
1188220;0.0000;
1189700;-0.0002;
1191256;-0.0002;
1192817;-0.0002;
1194379;-0.0002;
1195941;-0.0001;
1197502;-0.0001;
1199063;0.0001;
1200538;-0.0001;
1202100;0.0000;
1203574;-0.0001;
1205136;-0.0002;
1206698;0.0000;
1208172;0.0000;
1209647;0.0000;
1211122;-0.0001;
1212683;0.0000;
1214158;-0.0001;
1215733;-0.0001;
1217281;0.0000;
1218756;0.0000;
1220230;-0.0002;
1221792;0.0000;
1223267;0.0000;
1224741;0.0000;
1226216;-0.0001;
1227778;0.0000;
1229253;0.0000;
1230727;0.0000;
56;1232202;0.0000;
1233937;0.0000;
1235412;0.0002;
1236886;-0.0002;
1238448;-0.0002;
1240014;-0.0001;
1241571;0.0000;
1243046;-0.0001;
1244607;-0.0002;
1246169;-0.0003;
1247730;0.0000;
1249205;-0.0001;
1250778;0.0000;
1252241;-0.0001;
1253803;-0.0002;
1255364;-0.0002;
1256926;-0.0002;
1258487;-0.0002;
1260049;0.0000;
1261523;0.0001;
1262998;-0.0002;
1264565;-0.0002;
1266121;0.0001;
1267596;-0.0001;
1269157;-0.0003;
1270719;-0.0001;
1272305;0.0000;
1273755;0.0001;
1275248;-0.0002;
1276791;-0.0001;
1278353;-0.0001;
1279915;-0.0001;
1281476;-0.0002;
1283037;-0.0001;
1284599;-0.0002;
1286161;-0.0002;
1287722;-0.0002;
1289283;-0.0002;
1290851;0.0000;
1292320;-0.0001;
1293881;-0.0002;
1295443;0.0000;
1296917;-0.0001;
1298479;0.0001;
1299954;0.0000;
1301428;0.0000;
1302903;0.0000;
1304378;-0.0001;
1305939;-0.0001;
1307501;-0.0001;
1309062;-0.0001;
1310624;0.0000;
1312099;-0.0002;
1313660;-0.0002;
1315235;-0.0002;
1316783;0.0000;
1318258;-0.0002;
1319820;-0.0003;
1321381;-0.0002;
1322942;-0.0002;
1324504;-0.0002;
1326066;-0.0001;
1327627;-0.0002;
1329189;0.0000;
1330663;-0.0001;
1332225;0.0000;
1333699;-0.0003;
1335261;-0.0002;
1336823;0.0000;
1338297;-0.0002;
1339864;-0.0002;
1341420;0.0000;
1342895;-0.0003;
1344457;-0.0002;
1346018;-0.0002;
1347580;-0.0002;
1349141;0.0000;
1350616;0.0000;
1352102;-0.0002;
1353652;-0.0002;
1355213;-0.0002;
1356775;0.0000;
1358250;0.0000;
1359724;-0.0001;
1361286;-0.0002;
1362847;-0.0002;
1364409;-0.0002;
1365975;-0.0001;
1367532;-0.0001;
1369094;-0.0001;
1370655;-0.0002;
1372217;0.0000;
1373691;0.0000;
1375190;-0.0001;
1376745;-0.0001;
1378289;-0.0001;
1379850;0.0000;
1381325;-0.0001;
1382887;-0.0001;
1384448;0.0000;
56;1385923;-0.0001;
1387745;-0.0001;
1389306;-0.0001;
1390873;0.0000;
1392342;-0.0002;
1393904;-0.0001;
1395465;0.0000;
1396940;-0.0001;
1398502;0.0000;
1399976;-0.0001;
1401538;-0.0002;
1403099;0.0000;
1404574;0.0000;
1406049;0.0001;
1407524;0.0000;
1408998;0.0000;
1410473;-0.0001;
1412035;-0.0001;
1413596;-0.0002;
1415171;0.0000;
1416633;-0.0001;
1418194;-0.0001;
1419755;0.0000;
1421230;-0.0003;
1422792;-0.0002;
1424353;-0.0001;
1425915;-0.0002;
1427476;0.0001;
1428951;0.0000;
1430426;0.0000;
1431901;0.0000;
1433375;-0.0002;
1434937;-0.0001;
1436498;-0.0001;
1438060;-0.0002;
1439626;0.0001;
1441096;0.0000;
1442571;-0.0003;
1444132;0.0000;
1445607;0.0000;
1447082;-0.0002;
1448643;-0.0002;
1450205;-0.0001;
1451766;-0.0001;
1453341;-0.0003;
1454889;-0.0001;
1456451;-0.0002;
1458012;-0.0001;
1459574;-0.0002;
1461135;-0.0001;
1462697;0.0000;
1464171;-0.0002;
1465738;-0.0001;
1467295;-0.0002;
1468856;0.0000;
1470331;0.0000;
1471806;0.0000;
1473280;0.0000;
1474755;-0.0002;
1476316;0.0000;
1477816;-0.0001;
1479370;0.0000;
1480827;0.0000;
1482302;0.0000;
1483777;-0.0003;
1485338;0.0000;
1486813;-0.0001;
1488375;0.0000;
1489855;-0.0001;
1491411;-0.0001;
1492972;0.0000;
1494447;-0.0002;
1496009;-0.0001;
1497570;-0.0002;
1499132;0.0000;
1500607;-0.0001;
1502168;-0.0002;
1503730;0.0000;
1505204;-0.0002;
1506766;-0.0001;
1508327;0.0000;
1509802;0.0000;
1511277;-0.0003;
1512838;-0.0001;
1514400;-0.0001;
1515975;-0.0002;
1517523;0.0000;
1518997;0.0000;
1520472;-0.0001;
1522034;-0.0002;
1523595;-0.0001;
1525157;0.0000;
1526631;-0.0001;
1528193;-0.0002;
1529754;0.0000;
1531229;-0.0002;
1532791;0.0000;
1534265;0.0000;
1535740;-0.0002;
1537302;0.0000;
56;1538777;-0.0001;
1540603;0.0000;
1542073;-0.0002;
1543634;-0.0002;
1545196;-0.0002;
1546757;-0.0001;
1548319;0.0000;
1549794;-0.0002;
1551355;0.0001;
1552830;-0.0001;
1554403;0.0000;
1555866;0.0000;
1557341;-0.0002;
1558902;-0.0001;
1560464;-0.0002;
1562025;-0.0002;
1563587;0.0000;
1565067;0.0000;
1566536;-0.0002;
1568098;-0.0001;
1569660;0.0000;
1571134;-0.0002;
1572696;0.0001;
1574170;-0.0001;
1575732;-0.0002;
1577293;0.0000;
1578768;-0.0001;
1580357;-0.0003;
1581909;-0.0003;
1583453;-0.0001;
1585014;0.0000;
1586489;0.0000;
1587964;-0.0002;
1589531;0.0000;
1591000;-0.0003;
1592561;0.0001;
1594036;0.0000;
1595511;0.0000;
1596986;-0.0002;
1598547;0.0000;
1600022;-0.0001;
1601584;-0.0002;
1603145;-0.0001;
1604707;-0.0003;
1606268;0.0001;
1607743;0.0000;
1609217;-0.0002;
1610779;-0.0001;
1612340;-0.0002;
1613902;-0.0002;
1615485;0.0000;
1616938;0.0000;
1618413;0.0001;
1619888;0.0000;
1621363;-0.0001;
1622924;-0.0001;
1624486;-0.0002;
1626047;0.0000;
1627522;0.0000;
1628996;0.0001;
1630471;-0.0001;
1632033;-0.0003;
1633594;0.0000;
1635069;-0.0001;
1636631;-0.0002;
1638192;-0.0002;
1639758;-0.0001;
1641315;-0.0001;
1642876;-0.0001;
1644438;-0.0002;
1645999;-0.0002;
1647561;0.0000;
1649036;-0.0002;
1650597;-0.0002;
1652159;0.0001;
1653633;0.0000;
1655122;0.0000;
1656583;0.0000;
1658058;0.0000;
1659532;0.0000;
1661007;0.0001;
1662482;0.0000;
1663957;-0.0002;
1665523;0.0000;
1666993;0.0000;
1668468;-0.0001;
1670029;-0.0002;
1671591;0.0001;
1673066;-0.0001;
1674627;0.0000;
1676102;-0.0001;
1677663;0.0000;
1679138;-0.0002;
1680699;-0.0002;
1682285;-0.0003;
1683840;-0.0002;
1685384;-0.0001;
1686945;0.0000;
1688420;0.0000;
1689901;-0.0002;
56;1691457;-0.0001;
1693278;-0.0001;
1694840;-0.0001;
1696401;0.0000;
1697876;0.0000;
1699351;-0.0002;
1700912;0.0000;
1702387;-0.0001;
1703948;0.0000;
1705423;-0.0001;
1706985;-0.0002;
1708546;0.0000;
1710021;0.0000;
1711496;-0.0002;
1713057;-0.0001;
1714624;-0.0002;
1716180;-0.0001;
1717742;-0.0002;
1719303;-0.0002;
1720865;-0.0001;
1722426;-0.0002;
1723988;0.0000;
1725462;-0.0002;
1727024;0.0000;
1728499;-0.0002;
1730060;0.0001;
1731535;0.0000;
1733010;-0.0002;
1734571;0.0000;
1736046;0.0000;
1737521;-0.0001;
1739082;-0.0002;
1740657;-0.0002;
1742205;0.0000;
1743680;0.0002;
1745167;-0.0001;
1746716;0.0000;
1748191;-0.0002;
1749753;-0.0001;
1751314;-0.0002;
1752875;-0.0002;
1754437;0.0001;
1755923;0.0000;
1757387;-0.0002;
1758948;0.0000;
1760423;-0.0001;
1761984;-0.0001;
1763546;0.0001;
1765025;0.0000;
1766495;0.0000;
1767970;-0.0002;
1769531;-0.0001;
1771093;-0.0001;
1772655;0.0000;
1774129;-0.0001;
1775691;-0.0002;
1777252;-0.0001;
1778814;-0.0001;
1780375;0.0000;
1781850;-0.0003;
1783411;-0.0001;
1784997;0.0000;
1786465;-0.0003;
1788009;-0.0002;
1789576;0.0000;
1791045;-0.0002;
1792607;-0.0001;
1794168;-0.0001;
1795730;0.0000;
1797205;0.0002;
1798679;0.0001;
1800154;-0.0001;
1801716;0.0000;
1803190;0.0000;
1804665;-0.0002;
1806227;-0.0001;
1807788;0.0000;
1809263;-0.0001;
1810824;-0.0002;
1812386;-0.0001;
1813947;0.0000;
1815428;-0.0001;
1816984;-0.0002;
1818545;-0.0002;
1820107;0.0000;
1821581;0.0000;
1823056;-0.0002;
1824618;-0.0002;
1826179;-0.0003;
1827741;-0.0002;
1829302;0.0000;
1830777;-0.0001;
1832338;0.0000;
1833813;-0.0001;
1835375;-0.0001;
1836936;0.0000;
1838411;-0.0001;
1839977;0.0000;
1841447;0.0001;
1842922;-0.0001;
56;1844484;-0.0002;
1846305;0.0000;
1847780;-0.0001;
1849341;0.0000;
1850816;0.0000;
1852291;-0.0001;
1853852;-0.0001;
1855414;-0.0002;
1856987;-0.0002;
1858537;-0.0001;
1860098;0.0000;
1861573;-0.0003;
1863135;-0.0002;
1864709;0.0000;
1866171;0.0000;
1867646;0.0000;
1869121;0.0000;
1870595;0.0000;
1872070;-0.0001;
1873631;0.0000;
1875106;-0.0002;
1876668;-0.0001;
1878229;-0.0001;
1879791;-0.0001;
1881352;0.0000;
1882827;-0.0001;
1884388;-0.0002;
1885950;-0.0001;
1887536;0.0000;
1888986;0.0000;
1890484;-0.0002;
1892022;0.0000;
1893497;-0.0001;
1895059;0.0000;
1896534;-0.0001;
1898095;-0.0001;
1899656;-0.0001;
1901218;-0.0002;
1902779;0.0000;
1904254;-0.0002;
1905816;0.0000;
1907291;0.0000;
1908765;-0.0002;
1910327;-0.0002;
1911888;-0.0002;
1913450;-0.0001;
1915017;-0.0002;
1916573;-0.0002;
1918134;-0.0002;
1919696;0.0000;
1921170;-0.0001;
1922732;0.0000;
1924207;0.0000;
1925682;-0.0001;
1927243;-0.0001;
1928804;-0.0002;
1930366;0.0000;
1931841;0.0000;
1933315;-0.0001;
1934877;-0.0002;
1936438;0.0001;
1937913;-0.0001;
1939475;-0.0002;
1941041;-0.0002;
1942598;-0.0002;
1944159;0.0000;
1945634;-0.0002;
1947195;0.0000;
1948670;-0.0001;
1950232;-0.0002;
1951793;-0.0002;
1953355;0.0000;
1954829;0.0000;
1956304;-0.0002;
1957877;-0.0002;
1959427;0.0000;
1960902;-0.0002;
1962463;-0.0002;
1964025;0.0000;
1965513;0.0000;
1966974;0.0000;
1968449;-0.0002;
1970011;0.0000;
1971486;-0.0002;
1973047;0.0000;
1974522;-0.0001;
1976083;0.0000;
1977558;-0.0002;
1979119;-0.0001;
1980681;0.0002;
1982156;-0.0001;
1983717;-0.0001;
1985279;0.0000;
1986754;0.0000;
1988228;0.0000;
1989731;-0.0001;
1991282;-0.0003;
1992826;-0.0001;
1994387;-0.0002;
1995949;-0.0002;
56;1997510;0.0000;
1999245;-0.0002;
2000807;-0.0002;
2002368;-0.0001;
2003930;0.0000;
2005405;0.0000;
2006879;0.0000;
2008354;-0.0001;
2009916;-0.0001;
2011477;-0.0001;
2013039;-0.0001;
2014605;-0.0002;
2016162;0.0000;
2017637;0.0000;
2019111;0.0000;
2020586;-0.0002;
2022147;-0.0002;
2023709;-0.0001;
2025270;0.0000;
2026749;-0.0001;
2028307;0.0000;
2029781;-0.0001;
2031343;-0.0003;
2032905;-0.0002;
2034466;-0.0002;
2036028;-0.0001;
2037589;-0.0002;
2039151;-0.0002;
2040717;-0.0002;
2042274;-0.0001;
2043835;0.0000;
2045310;0.0000;
2046784;0.0000;
2048259;0.0000;
2049734;-0.0001;
2051295;0.0000;
2052770;0.0000;
2054245;-0.0001;
2055806;0.0000;
2057281;-0.0001;
2058854;-0.0001;
2060404;-0.0001;
2061966;-0.0002;
2063527;-0.0002;
2065103;-0.0002;
2066650;0.0000;
2068125;0.0001;
2069600;-0.0001;
2071161;-0.0001;
2072723;0.0000;
2074197;0.0000;
2075672;-0.0001;
2077234;0.0000;
2078708;-0.0003;
2080270;0.0000;
2081745;0.0000;
2083220;0.0000;
2084694;-0.0002;
2086256;-0.0003;
2087817;-0.0003;
2089379;0.0001;
2090858;-0.0001;
2092439;-0.0002;
2093994;0.0000;
2095451;-0.0001;
2097013;-0.0003;
2098574;-0.0001;
2100136;-0.0001;
2101697;-0.0003;
2103259;-0.0001;
2104820;0.0000;
2106295;0.0000;
2107770;-0.0002;
2109331;0.0000;
2110806;-0.0001;
2112367;-0.0003;
2113929;0.0000;
2115409;-0.0001;
2116965;0.0000;
2118440;-0.0001;
2120001;0.0000;
2121476;-0.0001;
2123038;-0.0002;
2124599;-0.0003;
2126161;0.0000;
2127635;-0.0002;
2129197;0.0000;
2130672;0.0000;
2132146;-0.0001;
2133708;-0.0001;
2135270;-0.0002;
2136831;0.0000;
2138306;-0.0001;
2139872;0.0000;
2141342;0.0000;
2142817;-0.0002;
2144378;-0.0002;
2145940;-0.0002;
2147501;0.0000;
2148976;0.0000;
56;2150451;-0.0001;
2152273;0.0001;
2153747;-0.0001;
2155309;-0.0001;
2156870;-0.0002;
2158432;0.0000;
2159918;-0.0002;
2161468;-0.0002;
2163030;-0.0001;
2164597;-0.0001;
2166153;-0.0002;
2167714;-0.0003;
2169276;0.0000;
2170750;-0.0001;
2172312;0.0000;
2173787;0.0000;
2175261;-0.0001;
2176823;-0.0002;
2178384;0.0000;
2179859;0.0000;
2181334;-0.0001;
2182895;-0.0001;
2184457;0.0000;
2185931;-0.0001;
2187493;-0.0002;
2189055;-0.0002;
2190651;-0.0001;
2192177;0.0001;
2193652;0.0000;
2195151;-0.0003;
2196706;-0.0002;
2198250;-0.0001;
2199812;0.0000;
2201286;-0.0002;
2202848;-0.0002;
2204409;0.0001;
2205884;-0.0001;
2207445;0.0001;
2208920;-0.0002;
2210482;-0.0002;
2212043;0.0000;
2213518;0.0001;
2214998;0.0000;
2216467;-0.0001;
2218029;-0.0002;
2219591;-0.0002;
2221152;0.0000;
2222627;-0.0002;
2224188;-0.0001;
2225750;-0.0002;
2227311;-0.0001;
2228873;-0.0002;
2230434;0.0000;
2231909;-0.0001;
2233471;-0.0001;
2235032;-0.0002;
2236593;-0.0001;
2238155;0.0000;
2239635;0.0000;
2241105;0.0001;
2242579;0.0000;
2244054;-0.0002;
2245616;0.0000;
2247090;-0.0002;
2248652;-0.0002;
2250213;-0.0001;
2251775;-0.0001;
2253336;0.0000;
2254811;0.0001;
2256286;0.0000;
2257760;0.0000;
2259235;0.0000;
2260724;0.0000;
2262185;-0.0001;
2263746;-0.0002;
2265313;-0.0001;
2266869;0.0000;
2268344;-0.0002;
2269905;-0.0002;
2271467;0.0000;
2272942;0.0000;
2274416;0.0000;
2275891;-0.0002;
2277453;-0.0002;
2279014;-0.0003;
2280576;0.0000;
2282051;-0.0002;
2283612;-0.0001;
2285173;0.0001;
2286648;-0.0002;
2288210;-0.0003;
2289776;-0.0001;
2291333;-0.0001;
2292894;-0.0001;
2294456;0.0000;
2295955;0.0000;
2297421;-0.0002;
2298967;-0.0001;
2300528;-0.0002;
2302090;-0.0002;
56;2303651;-0.0002;
2305473;0.0000;
2306948;-0.0002;
2308509;-0.0001;
2310071;-0.0001;
2311632;0.0001;
2313107;-0.0001;
2314682;-0.0002;
2316230;0.0000;
2317705;-0.0002;
2319266;-0.0001;
2320828;0.0000;
2322302;0.0000;
2323777;-0.0002;
2325339;-0.0002;
2326900;-0.0001;
2328462;-0.0001;
2330023;0.0000;
2331498;-0.0002;
2333059;0.0000;
2334534;-0.0001;
2336096;-0.0001;
2337657;-0.0002;
2339219;0.0001;
2340698;-0.0002;
2342255;-0.0001;
2343816;0.0000;
2345291;0.0000;
2346766;0.0000;
2348241;0.0000;
2349715;-0.0001;
2351277;0.0000;
2352752;-0.0002;
2354313;-0.0003;
2355875;0.0000;
2357349;-0.0002;
2358911;-0.0001;
2360472;0.0000;
2361959;-0.0002;
2363509;-0.0002;
2365076;-0.0001;
2366632;-0.0001;
2368193;-0.0002;
2369755;0.0000;
2371229;-0.0001;
2372791;0.0000;
2374266;0.0000;
2375740;-0.0001;
2377302;0.0000;
2378777;-0.0001;
2380338;0.0000;
2381813;-0.0001;
2383375;0.0000;
2384849;-0.0001;
2386411;-0.0001;
2387972;-0.0001;
2389539;-0.0001;
2391095;-0.0002;
2392657;-0.0001;
2394218;0.0000;
2395693;-0.0002;
2397254;-0.0001;
2398840;0.0002;
2400308;0.0001;
2401765;0.0000;
2403240;-0.0002;
2404802;0.0001;
2406277;0.0000;
2407751;0.0000;
2409226;-0.0001;
2410787;0.0000;
2412262;0.0000;
2413737;-0.0001;
2415312;0.0000;
2416773;-0.0001;
2418335;-0.0001;
2419896;0.0000;
2421371;-0.0001;
2422932;-0.0002;
2424494;0.0000;
2425969;-0.0001;
2427530;-0.0001;
2429092;-0.0001;
2430653;-0.0002;
2432215;-0.0001;
2433776;-0.0002;
2435338;-0.0002;
2436899;0.0000;
2438374;-0.0002;
2439940;-0.0001;
2441497;-0.0002;
2443059;-0.0002;
2444620;-0.0002;
2446181;-0.0001;
2447743;-0.0001;
2449304;-0.0001;
2450866;0.0000;
2452341;-0.0001;
2453902;-0.0002;
2455464;-0.0002;
56;2457025;-0.0001;
2458847;-0.0002;
2460409;-0.0002;
2461981;-0.0002;
2463531;-0.0002;
2465099;0.0000;
2466568;0.0000;
2468043;-0.0002;
2469604;-0.0002;
2471165;0.0000;
2472640;-0.0001;
2474202;-0.0002;
2475763;0.0001;
2477238;0.0000;
2478713;0.0000;
2480188;-0.0001;
2481749;-0.0002;
2483310;0.0000;
2484785;-0.0001;
2486347;0.0000;
2487822;-0.0002;
2489383;-0.0002;
2490949;0.0000;
2492419;0.0001;
2493894;-0.0001;
2495456;0.0000;
2496930;-0.0001;
2498492;0.0000;
2499967;0.0000;
2501466;0.0000;
2502916;0.0000;
2504408;-0.0002;
2505952;0.0001;
2507427;0.0000;
2508902;-0.0001;
2510463;0.0000;
2511938;-0.0002;
2513499;-0.0001;
2515075;0.0000;
2516536;-0.0002;
2518097;-0.0001;
2519659;0.0000;
2521133;-0.0001;
2522695;-0.0002;
2524256;-0.0001;
2525818;-0.0002;
2527380;-0.0001;
2528941;-0.0003;
2530502;-0.0001;
2532064;-0.0001;
2533625;-0.0001;
2535187;-0.0001;
2536749;-0.0002;
2538310;0.0000;
2539790;0.0000;
2541259;0.0000;
2542734;-0.0001;
2544296;-0.0001;
2545857;-0.0002;
2547419;-0.0002;
2548980;0.0000;
2550455;0.0000;
2551930;0.0000;
2553404;-0.0002;
2554966;-0.0001;
2556527;0.0000;
2558002;-0.0001;
2559564;0.0000;
2561038;0.0000;
2562525;-0.0001;
2564075;-0.0002;
2565642;-0.0002;
2567198;-0.0002;
2568759;0.0000;
2570234;0.0000;
2571709;-0.0002;
2573270;-0.0001;
2574832;0.0000;
2576307;-0.0002;
2577868;-0.0002;
2579430;0.0000;
2580904;0.0001;
2582379;-0.0002;
2583941;-0.0001;
2585502;0.0000;
2586977;-0.0002;
2588538;0.0000;
2590018;0.0000;
2591488;-0.0002;
2593049;-0.0001;
2594611;-0.0001;
2596172;-0.0001;
2597734;0.0000;
2599208;-0.0003;
2600770;-0.0001;
2602331;-0.0002;
2603917;0.0000;
2605386;-0.0001;
2606929;-0.0001;
2608491;-0.0001;
56;2610052;0.0001;
2611787;0.0000;
2613262;-0.0001;
2614829;-0.0001;
2616385;0.0000;
2617860;0.0000;
2619334;-0.0001;
2620896;0.0000;
2622371;-0.0001;
2623932;-0.0001;
2625494;-0.0002;
2627055;-0.0002;
2628617;-0.0002;
2630178;-0.0002;
2631740;-0.0001;
2633301;0.0000;
2634776;0.0000;
2636251;0.0000;
2637726;-0.0002;
2639287;-0.0001;
2640862;-0.0001;
2642410;-0.0002;
2643972;-0.0002;
2645533;-0.0002;
2647095;0.0000;
2648569;0.0001;
2650044;-0.0001;
2651605;-0.0001;
2653167;-0.0001;
2654728;0.0000;
2656203;0.0000;
2657678;-0.0002;
2659239;-0.0002;
2660801;-0.0002;
2662362;-0.0002;
2663935;-0.0002;
2665491;-0.0001;
2667047;-0.0002;
2668609;0.0000;
2670083;0.0000;
2671558;0.0000;
2673033;0.0001;
2674508;0.0000;
2675982;-0.0001;
2677544;-0.0002;
2679105;-0.0001;
2680667;0.0000;
2682141;0.0000;
2683616;0.0000;
2685091;-0.0001;
2686652;0.0000;
2688127;-0.0002;
2689694;0.0000;
2691163;-0.0002;
2692725;0.0000;
2694200;-0.0001;
2695761;0.0000;
2697236;0.0001;
2698711;-0.0001;
2700272;-0.0002;
2701834;0.0000;
2703309;0.0000;
2704783;-0.0001;
2706369;0.0000;
2707837;-0.0001;
2709381;-0.0001;
2710943;-0.0001;
2712504;-0.0001;
2714066;-0.0002;
2715633;-0.0002;
2717188;0.0000;
2718663;0.0000;
2720138;-0.0001;
2721700;-0.0002;
2723261;-0.0002;
2724822;-0.0003;
2726384;0.0000;
2727859;-0.0001;
2729420;0.0000;
2730895;0.0000;
2732370;-0.0002;
2733931;0.0000;
2735406;-0.0002;
2736968;0.0000;
2738442;-0.0001;
2740017;-0.0001;
2741565;-0.0001;
2743127;-0.0001;
2744688;-0.0002;
2746250;0.0000;
2747724;-0.0002;
2749286;-0.0002;
2750847;-0.0003;
2752409;0.0001;
2753884;-0.0001;
2755445;-0.0001;
2757007;0.0000;
2758481;0.0000;
2759956;0.0000;
2761431;0.0000;
56;2762906;0.0000;
2764656;0.0000;
2766115;-0.0002;
2767677;-0.0002;
2769239;0.0000;
2770713;-0.0001;
2772275;-0.0002;
2773836;0.0000;
2775311;-0.0001;
2776872;-0.0001;
2778434;-0.0002;
2779995;0.0000;
2781470;0.0000;
2782945;-0.0002;
2784507;-0.0002;
2786068;-0.0002;
2787630;0.0000;
2789104;0.0000;
2790592;-0.0001;
2792141;0.0000;
2793615;-0.0002;
2795177;-0.0001;
2796738;0.0000;
2798213;0.0000;
2799688;-0.0001;
2801249;0.0000;
2802724;-0.0001;
2804285;0.0000;
2805760;-0.0002;
2807322;0.0000;
2808821;0.0000;
2810289;-0.0002;
2811833;-0.0001;
2813394;-0.0002;
2814961;-0.0002;
2816517;0.0000;
2817992;-0.0001;
2819553;-0.0002;
2821115;-0.0001;
2822676;0.0000;
2824151;-0.0001;
2825713;-0.0002;
2827274;0.0000;
2828749;0.0000;
2830224;-0.0001;
2831785;-0.0001;
2833347;-0.0001;
2834908;-0.0002;
2836470;0.0000;
2837944;-0.0002;
2839512;0.0000;
2840981;-0.0001;
2842542;0.0000;
2844017;0.0000;
2845492;0.0001;
2846967;0.0000;
2848441;-0.0001;
2850003;0.0000;
2851478;-0.0002;
2853039;-0.0001;
2854601;-0.0001;
2856162;-0.0001;
2857723;-0.0003;
2859285;-0.0002;
2860847;-0.0002;
2862408;0.0000;
2863883;0.0000;
2865382;-0.0001;
2866919;-0.0001;
2868480;-0.0002;
2870042;-0.0001;
2871604;-0.0001;
2873165;0.0000;
2874640;0.0001;
2876114;0.0000;
2877589;-0.0002;
2879151;-0.0002;
2880712;-0.0001;
2882274;-0.0001;
2883835;0.0001;
2885310;-0.0001;
2886872;0.0000;
2888346;0.0000;
2889826;-0.0002;
2891382;0.0000;
2892857;-0.0002;
2894419;0.0000;
2895894;0.0001;
2897368;-0.0001;
2898930;-0.0002;
2900491;-0.0001;
2902053;0.0000;
2903527;-0.0002;
2905089;-0.0001;
2906650;-0.0002;
2908212;-0.0001;
2909773;-0.0002;
2911359;0.0000;
2912810;0.0000;
2914302;0.0000;
56;2915765;-0.0001;
2917581;-0.0002;
2919143;-0.0001;
2920704;-0.0001;
2922266;0.0000;
2923740;-0.0001;
2925302;-0.0002;
2926863;0.0000;
2928338;0.0000;
2929813;-0.0001;
2931374;-0.0002;
2932936;0.0000;
2934410;-0.0002;
2935972;-0.0002;
2937533;-0.0001;
2939095;-0.0003;
2940662;0.0000;
2942131;-0.0001;
2943693;0.0000;
2945168;0.0000;
2946642;-0.0001;
2948204;0.0000;
2949679;-0.0001;
2951240;-0.0001;
2952802;0.0000;
2954276;-0.0002;
2955838;-0.0002;
2957399;0.0000;
2958874;-0.0002;
2960435;-0.0001;
2961997;0.0000;
2963472;-0.0001;
2965046;-0.0002;
2966606;-0.0003;
2968156;0.0000;
2969631;-0.0001;
2971192;-0.0001;
2972754;-0.0003;
2974316;0.0000;
2975790;0.0001;
2977265;0.0000;
2978740;-0.0001;
2980301;-0.0002;
2981863;0.0000;
2983337;-0.0002;
2984899;-0.0001;
2986460;-0.0002;
2988022;-0.0001;
2989588;0.0001;
2991058;0.0000;
2992533;-0.0003;
2994094;0.0000;
2995569;-0.0001;
2997131;0.0000;
2998605;-0.0001;
3000167;-0.0002;
3001728;-0.0001;
3003290;-0.0001;
3004852;-0.0001;
3006413;-0.0001;
3007975;-0.0001;
3009536;-0.0001;
3011098;-0.0001;
3012683;-0.0002;
3014220;-0.0002;
3015805;-0.0001;
3017343;-0.0001;
3018905;-0.0001;
3020466;0.0000;
3021941;-0.0001;
3023503;-0.0001;
3025064;-0.0002;
3026629;-0.0001;
3028187;0.0000;
3029662;0.0001;
3031137;-0.0001;
3032698;0.0000;
3034173;-0.0002;
3035734;-0.0002;
3037296;-0.0002;
3038857;-0.0003;
3040425;0.0000;
3041894;-0.0001;
3043455;0.0000;
3044930;-0.0002;
3046491;-0.0002;
3048053;-0.0003;
3049614;-0.0001;
3051176;-0.0001;
3052737;-0.0003;
3054299;-0.0001;
3055861;-0.0001;
3057422;-0.0001;
3058984;-0.0002;
3060545;0.0000;
3062020;-0.0001;
3063581;-0.0001;
3065156;-0.0002;
3066716;-0.0002;
3068266;-0.0001;
56;3069827;-0.0001;
3071649;-0.0002;
3073210;-0.0001;
3074772;0.0000;
3076247;-0.0002;
3077808;0.0000;
3079283;0.0000;
3080758;-0.0001;
3082319;0.0001;
3083794;-0.0002;
3085356;-0.0002;
3086917;-0.0002;
3088479;-0.0001;
3090046;-0.0002;
3091601;-0.0001;
3093163;-0.0001;
3094724;-0.0002;
3096286;-0.0002;
3097847;-0.0002;
3099409;-0.0002;
3100970;-0.0001;
3102532;0.0000;
3104007;-0.0002;
3105568;0.0000;
3107043;0.0000;
3108518;0.0000;
3109992;-0.0001;
3111554;-0.0001;
3113115;-0.0001;
3114682;-0.0002;
3116263;-0.0001;
3117818;-0.0002;
3119361;0.0000;
3120836;0.0000;
3122311;0.0001;
3123786;-0.0001;
3125347;-0.0002;
3126909;-0.0002;
3128470;0.0001;
3129945;0.0001;
3131420;-0.0001;
3132981;-0.0001;
3134543;0.0000;
3136018;-0.0001;
3137579;-0.0002;
3139140;-0.0002;
3140708;-0.0002;
3142264;-0.0002;
3143825;0.0001;
3145300;-0.0001;
3146861;0.0000;
3148336;0.0000;
3149811;0.0000;
3151286;0.0000;
3152760;-0.0003;
3154322;-0.0001;
3155883;-0.0001;
3157445;0.0000;
3158919;0.0000;
3160394;0.0000;
3161869;-0.0001;
3163430;-0.0001;
3164997;-0.0001;
3166553;0.0000;
3168040;-0.0001;
3169590;-0.0002;
3171151;-0.0002;
3172713;-0.0002;
3174274;0.0000;
3175749;-0.0002;
3177311;0.0000;
3178785;-0.0001;
3180347;0.0000;
3181821;0.0000;
3183296;-0.0002;
3184858;0.0000;
3186333;-0.0002;
3187894;0.0000;
3189369;0.0000;
3190857;-0.0002;
3192405;-0.0002;
3193966;0.0000;
3195441;-0.0001;
3197003;-0.0001;
3198564;-0.0002;
3200126;-0.0001;
3201687;-0.0002;
3203249;-0.0002;
3204810;-0.0002;
3206372;0.0000;
3207846;0.0000;
3209321;0.0000;
3210796;-0.0001;
3212357;-0.0002;
3213919;-0.0001;
3215485;-0.0001;
3217042;-0.0001;
3218628;-0.0001;
3220165;-0.0001;
3221744;-0.0001;
56;3223288;-0.0002;
3225110;-0.0002;
3226671;0.0000;
3228146;-0.0002;
3229708;0.0000;
3231182;-0.0001;
3232744;-0.0001;
3234305;-0.0001;
3235867;0.0000;
3237341;0.0000;
3238816;0.0001;
3240297;-0.0001;
3241852;0.0000;
3243327;-0.0002;
3244889;-0.0001;
3246450;0.0001;
3247925;-0.0002;
3249487;-0.0002;
3251048;0.0000;
3252523;0.0001;
3253997;0.0001;
3255472;-0.0002;
3257034;-0.0002;
3258595;-0.0001;
3260157;0.0001;
3261631;0.0000;
3263106;0.0000;
3264586;0.0001;
3266056;-0.0001;
3267617;-0.0001;
3269190;-0.0002;
3270740;0.0000;
3272215;0.0000;
3273690;-0.0002;
3275251;-0.0003;
3276813;-0.0001;
3278374;-0.0003;
3279936;-0.0002;
3281497;0.0000;
3282972;-0.0001;
3284533;-0.0002;
3286095;-0.0002;
3287656;-0.0001;
3289218;-0.0002;
3290794;-0.0002;
3292341;0.0000;
3293816;0.0000;
3295290;-0.0001;
3296852;-0.0001;
3298413;-0.0004;
3299975;0.0000;
3301450;0.0000;
3302925;-0.0001;
3304486;0.0000;
3305961;0.0000;
3307436;0.0000;
3308910;0.0000;
3310385;0.0001;
3311860;-0.0002;
3313421;0.0000;
3314901;0.0000;
3316371;-0.0002;
3317932;-0.0001;
3319494;-0.0002;
3321080;0.0000;
3322548;-0.0001;
3324091;0.0000;
3325566;0.0000;
3327041;0.0000;
3328516;-0.0002;
3330077;-0.0001;
3331639;0.0001;
3333114;0.0000;
3334588;-0.0002;
3336150;-0.0003;
3337711;-0.0002;
3339273;-0.0001;
3340864;0.0000;
3342309;-0.0001;
3343870;-0.0002;
3345434;-0.0001;
3346994;-0.0001;
3348555;-0.0002;
3350116;-0.0002;
3351678;-0.0002;
3353240;-0.0002;
3354801;0.0000;
3356276;0.0000;
3357751;-0.0001;
3359312;0.0000;
3360787;0.0000;
3362261;-0.0001;
3363823;-0.0002;
3365389;-0.0002;
3366946;0.0000;
3368421;-0.0001;
3369996;-0.0002;
3371544;-0.0001;
3373105;0.0000;
3374580;-0.0002;
56;3376141;-0.0001;
3377963;-0.0001;
3379525;0.0000;
3381000;-0.0001;
3382561;-0.0002;
3384122;0.0000;
3385597;-0.0001;
3387159;-0.0001;
3388720;-0.0002;
3390293;-0.0001;
3391843;0.0000;
3393318;0.0000;
3394793;-0.0001;
3396354;0.0000;
3397829;-0.0002;
3399390;-0.0002;
3400952;-0.0001;
3402513;-0.0002;
3404075;0.0000;
3405550;-0.0002;
3407111;-0.0002;
3408673;0.0000;
3410148;0.0001;
3411622;-0.0001;
3413184;-0.0001;
3414750;-0.0001;
3416307;0.0000;
3417781;-0.0001;
3419343;0.0000;
3420818;0.0000;
3422292;-0.0002;
3423878;-0.0002;
3425433;-0.0002;
3426977;-0.0002;
3428538;-0.0002;
3430100;-0.0003;
3431662;0.0000;
3433136;0.0000;
3434611;0.0000;
3436086;-0.0001;
3437647;0.0000;
3439122;-0.0001;
3440689;-0.0001;
3442245;-0.0001;
3443806;-0.0001;
3445368;-0.0002;
3446930;0.0000;
3448404;0.0000;
3449879;0.0001;
3451354;0.0000;
3452829;-0.0002;
3454390;0.0000;
3455865;-0.0001;
3457426;0.0000;
3458901;-0.0001;
3460463;-0.0001;
3462024;-0.0001;
3463585;-0.0001;
3465152;0.0000;
3466622;-0.0001;
3468183;-0.0001;
3469745;0.0000;
3471231;0.0000;
3472694;0.0000;
3474169;-0.0002;
3475730;-0.0001;
3477292;0.0000;
3478767;0.0000;
3480241;-0.0001;
3481803;-0.0002;
3483364;-0.0001;
3484926;-0.0001;
3486488;-0.0002;
3488049;0.0000;
3489529;-0.0001;
3491085;-0.0001;
3492647;0.0001;
3494121;-0.0001;
3495683;-0.0001;
3497245;0.0001;
3498719;-0.0002;
3500281;0.0000;
3501755;-0.0002;
3503317;-0.0002;
3504878;-0.0001;
3506440;0.0000;
3507915;0.0002;
3509390;0.0000;
3510864;0.0000;
3512339;0.0000;
3513814;0.0000;
3515302;-0.0001;
3516850;-0.0002;
3518412;-0.0001;
3519973;-0.0001;
3521534;-0.0001;
3523096;-0.0002;
3524682;-0.0002;
3526237;0.0000;
3527694;0.0000;
56;3529168;-0.0001;
3530990;-0.0001;
3532552;-0.0002;
3534113;0.0000;
3535588;-0.0001;
3537149;-0.0002;
3538711;0.0000;
3540191;-0.0002;
3541747;-0.0001;
3543309;0.0000;
3544783;-0.0002;
3546345;0.0000;
3547820;-0.0002;
3549381;-0.0001;
3550943;-0.0001;
3552504;-0.0002;
3554066;-0.0001;
3555627;-0.0002;
3557189;0.0000;
3558663;-0.0002;
3560225;0.0000;
3561700;0.0000;
3563174;-0.0001;
3564741;-0.0002;
3566297;-0.0002;
3567859;-0.0001;
3569421;0.0000;
3570895;-0.0001;
3572468;0.0000;
3573931;-0.0002;
3575493;-0.0002;
3577055;-0.0001;
3578616;0.0001;
3580091;-0.0003;
3581652;-0.0001;
3583214;-0.0001;
3584775;0.0000;
3586250;-0.0001;
3587811;-0.0002;
3589373;0.0000;
3590853;0.0000;
3592323;-0.0001;
3593884;-0.0002;
3595445;0.0000;
3596920;-0.0002;
3598482;0.0001;
3599957;-0.0001;
3601518;-0.0001;
3603079;0.0000;
3604554;0.0000;
3606029;-0.0002;
3607590;-0.0001;
3609152;0.0000;
3610627;-0.0001;
3612188;-0.0001;
3613750;-0.0002;
3615324;-0.0001;
3616873;0.0001;
3618348;-0.0001;
3619909;0.0000;
3621384;0.0000;
3622859;-0.0003;
3624420;-0.0001;
3625981;-0.0001;
3627570;-0.0001;
3629122;0.0000;
3630579;0.0000;
3632054;0.0000;
3633529;-0.0002;
3635090;-0.0002;
3636652;-0.0001;
3638213;-0.0002;
3639780;0.0000;
3641249;-0.0001;
3642811;0.0000;
3644286;0.0000;
3645761;-0.0001;
3647322;0.0000;
3648797;0.0000;
3650272;-0.0001;
3651833;-0.0001;
3653394;-0.0002;
3654956;0.0000;
3656431;-0.0002;
3657992;-0.0002;
3659554;-0.0001;
3661115;0.0000;
3662590;0.0000;
3664065;0.0001;
3665544;-0.0003;
3667101;-0.0002;
3668662;-0.0002;
3670224;-0.0002;
3671785;-0.0001;
3673358;0.0000;
3674822;-0.0002;
3676383;-0.0002;
3677945;-0.0001;
3679506;0.0000;
3680981;-0.0003;
56;3682542;-0.0001;
3684364;0.0000;
3685839;-0.0001;
3687401;-0.0002;
3688962;-0.0001;
3690529;-0.0002;
3692085;0.0000;
3693560;0.0002;
3695034;-0.0002;
3696596;-0.0001;
3698157;-0.0001;
3699719;-0.0001;
3701281;-0.0002;
3702842;-0.0001;
3704403;-0.0002;
3705965;0.0000;
3707440;-0.0002;
3709001;0.0001;
3710476;-0.0001;
3712038;0.0000;
3713512;-0.0003;
3715087;-0.0001;
3716635;-0.0001;
3718197;-0.0002;
3719758;-0.0002;
3721320;0.0000;
3722794;-0.0001;
3724356;-0.0001;
3725917;0.0000;
3727392;-0.0001;
3728954;-0.0001;
3730540;0.0000;
3732008;-0.0002;
3733551;-0.0003;
3735113;-0.0002;
3736674;-0.0001;
3738236;-0.0001;
3739803;-0.0002;
3741359;0.0000;
3742834;0.0001;
3744309;0.0000;
3745783;0.0001;
3747258;-0.0001;
3748819;0.0000;
3750294;0.0000;
3751769;-0.0001;
3753330;-0.0002;
3754892;-0.0002;
3756454;0.0000;
3757928;0.0000;
3759403;0.0000;
3760878;0.0000;
3762353;0.0000;
3763827;0.0000;
3765307;-0.0002;
3766863;-0.0001;
3768425;-0.0001;
3769987;-0.0002;
3771548;-0.0002;
3773109;-0.0001;
3774682;-0.0003;
3776232;0.0000;
3777707;-0.0002;
3779269;-0.0002;
3780830;-0.0002;
3782392;0.0000;
3783867;0.0001;
3785341;-0.0001;
3786903;-0.0001;
3788464;0.0000;
3789945;-0.0001;
3791501;0.0000;
3792975;-0.0002;
3794537;-0.0001;
3796098;-0.0001;
3797660;-0.0003;
3799221;0.0000;
3800696;-0.0002;
3802257;-0.0001;
3803819;0.0001;
3805294;0.0000;
3806768;-0.0002;
3808330;0.0000;
3809805;-0.0002;
3811366;-0.0001;
3812928;0.0001;
3814407;-0.0002;
3815964;-0.0001;
3817526;0.0000;
3819000;0.0000;
3820475;-0.0002;
3822037;-0.0002;
3823598;-0.0001;
3825159;0.0000;
3826634;-0.0001;
3828196;-0.0002;
3829757;0.0000;
3831232;-0.0001;
3832816;-0.0002;
3834355;0.0000;
56;3835845;-0.0002;
3837652;-0.0002;
3839213;0.0000;
3840702;0.0000;
3842163;0.0000;
3843637;0.0000;
3845112;-0.0001;
3846674;-0.0002;
3848235;0.0000;
3849710;-0.0001;
3851271;-0.0002;
3852833;0.0000;
3854307;-0.0001;
3855869;-0.0001;
3857430;-0.0002;
3858992;-0.0002;
3860554;-0.0002;
3862115;-0.0002;
3863676;-0.0001;
3865251;-0.0001;
3866799;0.0000;
3868274;-0.0002;
3869836;-0.0001;
3871397;-0.0001;
3872959;-0.0002;
3874520;-0.0002;
3876095;-0.0001;
3877643;-0.0001;
3879205;-0.0001;
3880766;-0.0002;
3882328;-0.0002;
3883889;-0.0002;
3885451;0.0000;
3886926;-0.0002;
3888487;0.0000;
3889967;0.0000;
3891436;0.0000;
3892911;-0.0001;
3894473;0.0000;
3895947;-0.0002;
3897509;-0.0001;
3899071;-0.0004;
3900632;-0.0002;
3902193;0.0001;
3903668;-0.0001;
3905230;0.0000;
3906705;-0.0002;
3908266;-0.0001;
3909827;0.0000;
3911302;-0.0002;
3912864;0.0000;
3914338;0.0000;
3915818;-0.0001;
3917375;-0.0002;
3918936;-0.0002;
3920498;0.0000;
3921972;-0.0002;
3923534;-0.0002;
3925096;-0.0001;
3926657;-0.0002;
3928218;-0.0001;
3929780;-0.0001;
3931341;-0.0002;
3932903;0.0000;
3934402;-0.0002;
3935957;-0.0001;
3937501;0.0000;
3938976;-0.0001;
3940551;-0.0001;
3942098;-0.0001;
3943660;-0.0001;
3945221;0.0000;
3946696;0.0000;
3948171;-0.0002;
3949732;0.0000;
3951207;-0.0002;
3952769;-0.0001;
3954330;-0.0002;
3955892;-0.0002;
3957453;0.0000;
3958928;-0.0002;
3960489;0.0000;
3961964;-0.0002;
3963526;0.0000;
3965005;0.0000;
3966475;-0.0001;
3968037;-0.0002;
3969598;0.0000;
3971073;-0.0001;
3972634;0.0000;
3974109;-0.0002;
3975671;-0.0002;
3977244;-0.0002;
3978794;-0.0002;
3980355;-0.0002;
3981917;0.0001;
3983391;0.0000;
3984866;-0.0002;
3986428;0.0001;
3987902;-0.0002;
56;3989470;-0.0001;
3991286;-0.0001;
3992847;-0.0002;
3994409;-0.0001;
3995970;-0.0003;
3997532;-0.0002;
3999093;-0.0001;
4000655;0.0000;
4002129;0.0000;
4003604;-0.0002;
4005166;0.0000;
4006641;0.0001;
4008115;-0.0001;
4009677;-0.0003;
4011238;-0.0001;
4012800;0.0000;
4014274;-0.0002;
4015841;0.0000;
4017311;0.0000;
4018785;0.0000;
4020260;-0.0002;
4021822;-0.0001;
4023383;-0.0002;
4024945;0.0000;
4026423;0.0000;
4027894;0.0000;
4029369;-0.0001;
4030930;-0.0003;
4032492;0.0000;
4033967;-0.0001;
4035528;0.0001;
4037027;-0.0002;
4038582;-0.0003;
4040140;0.0000;
4041601;0.0000;
4043075;-0.0001;
4044637;-0.0001;
4046198;0.0000;
4047673;0.0002;
4049148;-0.0001;
4050710;0.0000;
4052184;-0.0001;
4053746;-0.0001;
4055307;-0.0001;
4056869;0.0000;
4058344;-0.0001;
4059905;-0.0002;
4061466;0.0000;
4062941;-0.0001;
4064508;-0.0002;
4066064;0.0001;
4067539;-0.0002;
4069101;0.0000;
4070575;-0.0001;
4072137;0.0000;
4073611;0.0000;
4075086;-0.0002;
4076648;-0.0001;
4078221;-0.0002;
4079771;-0.0002;
4081332;-0.0002;
4082894;-0.0001;
4084455;0.0000;
4085930;-0.0002;
4087491;-0.0001;
4089053;0.0001;
4090533;-0.0001;
4092089;-0.0002;
4093651;-0.0001;
4095212;-0.0001;
4096774;0.0000;
4098248;0.0000;
4099723;-0.0001;
4101285;0.0001;
4102759;-0.0002;
4104321;-0.0002;
4105882;-0.0001;
4107444;-0.0001;
4109006;-0.0002;
4110567;-0.0002;
4112128;0.0000;
4113603;0.0000;
4115084;-0.0002;
4116640;-0.0003;
4118201;0.0000;
4119676;0.0000;
4121151;0.0000;
4122625;0.0000;
4124100;0.0000;
4125575;0.0000;
4127050;-0.0002;
4128611;0.0000;
4130086;0.0001;
4131560;0.0000;
4133035;-0.0001;
4134597;-0.0002;
4136158;-0.0001;
4137720;0.0000;
4139195;0.0000;
4140702;-0.0001;
56;4142248;-0.0001;
4144052;0.0000;
4145527;-0.0001;
4147089;0.0000;
4148563;-0.0001;
4150125;-0.0002;
4151687;-0.0001;
4153248;-0.0001;
4154809;0.0000;
4156284;0.0000;
4157759;-0.0002;
4159321;0.0000;
4160795;-0.0002;
4162357;0.0000;
4163832;-0.0002;
4165398;-0.0001;
4166955;-0.0002;
4168516;0.0000;
4169991;0.0001;
4171672;0.0000;
4172940;-0.0001;
4174502;-0.0001;
4176063;0.0000;
4177538;0.0001;
4179024;0.0000;
4180487;-0.0002;
4182049;0.0000;
4183524;-0.0002;
4185085;-0.0002;
4186647;-0.0002;
4188208;-0.0001;
4189784;0.0000;
4191244;-0.0001;
4192845;0.0000;
4194281;0.0000;
4195755;-0.0001;
4197317;-0.0002;
4198878;0.0000;
4200353;0.0000;
4201828;-0.0003;
4203390;0.0000;
4204864;-0.0002;
4206426;-0.0001;
4207987;-0.0001;
4209549;-0.0002;
4211110;0.0000;
4212585;-0.0002;
4214146;-0.0002;
4215714;0.0001;
4217183;0.0000;
4218657;-0.0002;
4220219;0.0000;
4221694;0.0000;
4223169;-0.0001;
4224730;0.0000;
4226205;0.0000;
4227679;0.0000;
4229154;0.0001;
4230629;0.0000;
4232104;-0.0002;
4233665;-0.0001;
4235227;0.0000;
4236701;-0.0001;
4238263;0.0000;
4239743;-0.0002;
4241332;0.0000;
4242794;-0.0001;
4244336;-0.0001;
4245897;0.0000;
4247372;-0.0002;
4248933;0.0000;
4250408;-0.0002;
4251970;0.0001;
4253444;0.0001;
4254919;-0.0001;
4256481;-0.0003;
4258042;0.0000;
4259517;0.0000;
4260992;-0.0003;
4262553;-0.0001;
4264115;0.0000;
4265609;-0.0002;
4267151;-0.0001;
4268712;-0.0002;
4270274;0.0000;
4271748;-0.0002;
4273310;-0.0001;
4274871;0.0000;
4276346;-0.0001;
4277908;-0.0001;
4279481;-0.0001;
4281031;0.0000;
4282505;0.0000;
4283980;0.0000;
4285455;-0.0001;
4287016;0.0000;
4288491;-0.0002;
4290058;-0.0001;
4291614;-0.0001;
4293176;-0.0001;
56;4294737;-0.0002;
4296559;0.0001;
4298034;-0.0001;
4299595;-0.0002;
4301157;0.0000;
4302632;0.0000;
4304106;-0.0003;
4305668;-0.0001;
4307229;0.0000;
4308704;-0.0003;
4310265;0.0000;
4311740;0.0000;
4313215;-0.0002;
4314782;0.0000;
4316251;-0.0002;
4317813;0.0000;
4319288;-0.0002;
4320849;-0.0001;
4322410;0.0000;
4323885;0.0000;
4325360;-0.0001;
4326922;-0.0002;
4328483;-0.0002;
4330044;-0.0002;
4331606;0.0000;
4333081;-0.0001;
4334642;-0.0001;
4336204;-0.0001;
4337765;0.0000;
4339240;-0.0002;
4340806;-0.0002;
4342363;-0.0001;
4343949;0.0000;
4345417;-0.0002;
4346961;-0.0001;
4348522;0.0000;
4349997;-0.0002;
4351558;0.0000;
4353033;-0.0002;
4354595;0.0000;
4356069;-0.0002;
4357631;0.0000;
4359106;-0.0001;
4360667;0.0001;
4362142;0.0000;
4363617;-0.0002;
4365192;-0.0001;
4366740;0.0000;
4368215;-0.0002;
4369776;0.0000;
4371251;0.0000;
4372725;0.0000;
4374200;0.0000;
4375675;-0.0002;
4377237;0.0000;
4378711;-0.0001;
4380284;-0.0001;
4381834;-0.0002;
4383396;-0.0001;
4384957;-0.0001;
4386519;-0.0002;
4388080;-0.0002;
4389647;-0.0001;
4391203;0.0002;
4392678;-0.0001;
4394239;-0.0001;
4395801;-0.0002;
4397363;-0.0002;
4398924;-0.0001;
4400486;0.0000;
4401960;0.0000;
4403435;0.0000;
4404910;-0.0001;
4406471;0.0000;
4407946;0.0001;
4409421;-0.0002;
4410982;0.0000;
4412457;-0.0001;
4414018;0.0000;
4415521;-0.0002;
4417055;0.0000;
4418529;0.0000;
4420004;-0.0001;
4421566;0.0000;
4423041;0.0000;
4424515;0.0000;
4425990;-0.0002;
4427551;-0.0001;
4429113;0.0000;
4430588;0.0000;
4432062;-0.0001;
4433624;-0.0002;
4435185;-0.0002;
4436747;-0.0002;
4438309;-0.0001;
4439875;0.0000;
4441345;-0.0003;
4442906;0.0000;
4444381;-0.0001;
4445942;-0.0002;
56;4447528;0.0000;
4449257;-0.0003;
4450801;0.0000;
4452275;-0.0001;
4453837;0.0000;
4455311;-0.0002;
4456873;-0.0001;
4458434;-0.0002;
4459996;-0.0001;
4461558;-0.0002;
4463119;0.0000;
4464599;-0.0001;
4466155;0.0000;
4467630;-0.0002;
4469192;-0.0002;
4470753;-0.0002;
4472314;-0.0001;
4473876;-0.0001;
4475437;-0.0002;
4476999;-0.0001;
4478561;-0.0002;
4480122;-0.0002;
4481697;-0.0001;
4483245;0.0000;
4484720;-0.0001;
4486281;-0.0001;
4487843;-0.0002;
4489418;-0.0002;
4490966;-0.0002;
4492527;0.0000;
4494002;0.0000;
4495477;-0.0003;
4497038;-0.0002;
4498600;-0.0002;
4500161;0.0001;
4501636;-0.0001;
4503197;-0.0001;
4504759;-0.0001;
4506320;-0.0001;
4507882;0.0001;
4509357;0.0001;
4510831;-0.0001;
4512393;0.0000;
4513868;-0.0001;
4515435;-0.0001;
4516991;0.0000;
4518466;-0.0003;
4520027;-0.0001;
4521589;-0.0001;
4523150;-0.0003;
4524712;-0.0002;
4526273;-0.0001;
4527834;-0.0001;
4529396;-0.0002;
4530957;-0.0002;
4532519;-0.0002;
4534080;0.0000;
4535555;-0.0002;
4537117;0.0000;
4538592;0.0001;
4540071;0.0001;
4541541;-0.0002;
4543103;0.0000;
4544577;-0.0001;
4546139;0.0000;
4547613;-0.0001;
4549199;0.0000;
4550650;-0.0001;
4552229;0.0000;
4553686;0.0000;
4555161;-0.0001;
4556722;-0.0002;
4558284;0.0000;
4559759;-0.0002;
4561320;-0.0001;
4562881;0.0000;
4564361;-0.0002;
4565918;-0.0003;
4567479;0.0000;
4568954;-0.0002;
4570515;0.0000;
4571990;-0.0001;
4573552;0.0000;
4575027;0.0000;
4576501;0.0000;
4577976;-0.0002;
4579537;-0.0001;
4581099;-0.0002;
4582672;-0.0002;
4584222;0.0000;
4585697;-0.0001;
4587258;0.0000;
4588733;0.0000;
4590222;0.0000;
4591682;-0.0002;
4593244;0.0000;
4594719;0.0000;
4596194;0.0000;
4597668;0.0000;
4599143;0.0000;
56;4600618;-0.0002;
4602440;-0.0002;
4604001;-0.0001;
4605562;-0.0001;
4607124;-0.0002;
4608686;-0.0002;
4610247;-0.0002;
4611808;0.0001;
4613283;-0.0001;
4614850;0.0000;
4616319;-0.0003;
4617881;-0.0001;
4619442;0.0000;
4620917;-0.0001;
4622479;-0.0002;
4624040;-0.0001;
4625602;-0.0002;
4627163;0.0000;
4628638;0.0000;
4630113;0.0000;
4631587;-0.0002;
4633149;-0.0001;
4634711;-0.0001;
4636272;0.0000;
4637747;-0.0002;
4639308;-0.0002;
4640875;-0.0001;
4642431;-0.0003;
4643993;-0.0002;
4645554;-0.0001;
4647116;0.0000;
4648590;-0.0002;
4650152;-0.0001;
4651738;0.0000;
4653206;-0.0001;
4654750;-0.0001;
4656311;-0.0001;
4657873;0.0001;
4659347;-0.0001;
4660909;-0.0002;
4662471;-0.0001;
4664032;0.0001;
4665512;-0.0001;
4667068;0.0001;
4668543;0.0000;
4670018;0.0000;
4671493;0.0000;
4672967;-0.0001;
4674529;-0.0001;
4676090;0.0001;
4677565;-0.0001;
4679126;0.0000;
4680601;0.0000;
4682076;-0.0001;
4683649;-0.0002;
4685199;-0.0002;
4686761;-0.0001;
4688322;0.0000;
4689802;-0.0001;
4691358;-0.0002;
4692920;-0.0001;
4694481;-0.0001;
4696043;-0.0002;
4697604;-0.0001;
4699166;0.0000;
4700641;-0.0001;
4702202;-0.0002;
4703763;-0.0002;
4705325;-0.0002;
4706887;-0.0003;
4708448;-0.0002;
4710010;0.0000;
4711484;0.0000;
4712959;-0.0001;
4714535;-0.0001;
4716082;0.0000;
4717557;0.0000;
4719032;0.0000;
4720506;0.0000;
4721981;-0.0001;
4723542;-0.0001;
4725104;-0.0001;
4726666;-0.0002;
4728227;0.0000;
4729702;-0.0002;
4731263;0.0000;
4732738;-0.0001;
4734300;-0.0002;
4735861;0.0000;
4737336;-0.0002;
4738897;0.0000;
4740377;-0.0001;
4741933;-0.0002;
4743495;-0.0002;
4745057;-0.0001;
4746618;-0.0001;
4748179;0.0000;
4749654;-0.0001;
4751216;-0.0002;
4752777;-0.0002;
56;4754366;0.0000;
4756091;0.0000;
4757549;-0.0001;
4759110;-0.0003;
4760672;-0.0002;
4762233;0.0000;
4763708;0.0000;
4765188;-0.0002;
4766744;-0.0002;
4768305;0.0000;
4769780;-0.0002;
4771342;-0.0001;
4772903;0.0000;
4774378;-0.0002;
4775939;-0.0001;
4777501;0.0000;
4778976;0.0000;
4780450;0.0001;
4781925;-0.0002;
4783487;0.0000;
4784973;0.0000;
4786436;-0.0001;
4787998;-0.0001;
4789565;0.0001;
4791034;-0.0002;
4792595;-0.0001;
4794157;-0.0001;
4795718;-0.0001;
4797280;0.0000;
4798755;-0.0002;
4800316;0.0001;
4801791;-0.0002;
4803353;-0.0001;
4804914;-0.0001;
4806475;0.0000;
4807950;0.0000;
4809425;0.0000;
4810900;-0.0001;
4812461;0.0000;
4813936;-0.0001;
4815511;0.0000;
4816972;-0.0001;
4818534;-0.0001;
4820095;-0.0002;
4821657;0.0000;
4823131;-0.0001;
4824693;-0.0001;
4826255;0.0000;
4827729;-0.0001;
4829291;-0.0002;
4830852;0.0000;
4832327;-0.0002;
4833889;-0.0002;
4835450;-0.0001;
4837011;-0.0001;
4838573;0.0000;
4840053;-0.0001;
4841609;-0.0001;
4843171;-0.0001;
4844732;-0.0002;
4846294;0.0000;
4847768;-0.0001;
4849330;-0.0001;
4850892;0.0000;
4852366;-0.0002;
4853928;-0.0002;
4855489;0.0000;
4856988;0.0000;
4858456;0.0000;
4859913;0.0000;
4861388;-0.0002;
4862950;0.0000;
4864429;-0.0002;
4865986;0.0000;
4867461;-0.0003;
4869022;-0.0002;
4870584;0.0000;
4872059;-0.0002;
4873620;-0.0002;
4875181;-0.0001;
4876743;0.0000;
4878218;-0.0001;
4879779;0.0000;
4881254;-0.0001;
4882816;-0.0001;
4884377;0.0001;
4885863;0.0000;
4887326;0.0000;
4888801;-0.0002;
4890368;-0.0001;
4891924;0.0000;
4893399;-0.0002;
4894961;-0.0001;
4896522;-0.0002;
4898083;0.0000;
4899558;-0.0002;
4901120;-0.0001;
4902681;0.0000;
4904156;-0.0003;
4905718;-0.0002;
56;4907279;-0.0004;
4909101;-0.0001;
4910662;-0.0002;
4912224;0.0000;
4913698;0.0000;
4915187;-0.0001;
4916735;0.0001;
4918209;0.0000;
4919684;-0.0002;
4921246;0.0000;
4922720;-0.0002;
4924282;-0.0002;
4925843;0.0000;
4927318;-0.0001;
4928880;0.0000;
4930354;0.0000;
4931829;0.0000;
4933304;-0.0001;
4934866;0.0000;
4936340;-0.0001;
4937902;-0.0001;
4939468;0.0000;
4940938;-0.0001;
4942500;-0.0002;
4944061;-0.0002;
4945624;-0.0001;
4947184;-0.0002;
4948746;-0.0001;
4950307;-0.0001;
4951868;-0.0002;
4953430;-0.0001;
4954991;-0.0002;
4956553;0.0001;
4958028;-0.0001;
4959616;-0.0002;
4961169;-0.0002;
4962712;-0.0002;
4964274;-0.0001;
4965851;0.0000;
4967310;0.0000;
4968785;-0.0001;
4970346;-0.0002;
4971908;0.0001;
4973382;-0.0001;
4974944;-0.0002;
4976506;0.0000;
4977980;0.0000;
4979455;-0.0001;
4981016;0.0000;
4982491;0.0000;
4983966;-0.0001;
4985528;-0.0001;
4987103;-0.0001;
4988650;0.0000;
4990131;0.0000;
4991600;-0.0001;
4993162;-0.0002;
4994723;-0.0001;
4996285;-0.0002;
4997846;-0.0002;
4999407;0.0000;
5000882;0.0000;
5002357;0.0000;
5003832;-0.0001;
5005393;-0.0002;
5006955;-0.0002;
5008516;-0.0001;
5010078;-0.0002;
5011639;-0.0001;
5013201;0.0000;
5014681;-0.0001;
5016237;-0.0001;
5017798;-0.0002;
5019360;-0.0002;
5020921;0.0000;
5022396;0.0000;
5023871;-0.0001;
5025432;-0.0001;
5026998;-0.0002;
5028555;0.0000;
5030030;-0.0002;
5031592;-0.0001;
5033153;0.0000;
5034628;0.0000;
5036103;0.0000;
5037577;0.0000;
5039052;-0.0002;
5040625;-0.0003;
5042175;0.0000;
5043650;0.0000;
5045125;0.0000;
5046599;-0.0002;
5048161;0.0000;
5049636;-0.0003;
5051197;-0.0001;
5052759;0.0000;
5054234;-0.0002;
5055795;0.0000;
5057270;0.0000;
5058744;0.0001;
56;5060219;-0.0001;
5062065;-0.0001;
5063620;-0.0003;
5065169;-0.0001;
5066725;-0.0002;
5068287;-0.0003;
5069848;0.0000;
5071323;0.0001;
5072798;-0.0002;
5074359;-0.0001;
5075921;0.0000;
5077396;0.0000;
5078871;-0.0002;
5080432;-0.0001;
5081993;-0.0002;
5083555;-0.0001;
5085116;-0.0001;
5086678;-0.0001;
5088251;-0.0002;
5089807;-0.0002;
5091363;0.0000;
5092837;-0.0002;
5094399;-0.0001;
5095960;-0.0002;
5097522;0.0000;
5098996;0.0000;
5100471;-0.0001;
5102033;0.0000;
5103508;-0.0001;
5105069;-0.0001;
5106630;-0.0002;
5108192;-0.0003;
5109753;-0.0001;
5111315;0.0001;
5112790;-0.0002;
5114357;-0.0002;
5115913;0.0000;
5117387;0.0000;
5118862;-0.0001;
5120424;-0.0001;
5121985;-0.0001;
5123547;-0.0001;
5125108;0.0000;
5126583;-0.0002;
5128144;-0.0002;
5129706;0.0000;
5131181;0.0000;
5132656;-0.0002;
5134217;0.0000;
5135692;0.0000;
5137166;0.0000;
5138641;0.0000;
5140129;0.0000;
5141591;-0.0001;
5143152;-0.0001;
5144714;0.0000;
5146188;-0.0002;
5147750;-0.0001;
5149311;0.0000;
5150786;-0.0002;
5152348;-0.0002;
5153909;-0.0002;
5155471;0.0000;
5156945;0.0000;
5158420;-0.0002;
5159982;-0.0002;
5161543;0.0000;
5163042;-0.0001;
5164602;-0.0001;
5166141;0.0000;
5167616;-0.0003;
5169177;-0.0002;
5170739;-0.0002;
5172300;-0.0002;
5173862;-0.0001;
5175423;-0.0001;
5176985;0.0000;
5178459;-0.0001;
5180021;0.0000;
5181496;-0.0001;
5183057;0.0000;
5184532;-0.0001;
5186093;-0.0002;
5187655;0.0000;
5189141;0.0000;
5190610;-0.0003;
5192166;0.0000;
5193641;0.0001;
5195115;-0.0002;
5196677;0.0001;
5198152;-0.0002;
5199713;-0.0001;
5201275;-0.0001;
5202836;0.0000;
5204311;0.0001;
5205786;-0.0001;
5207347;-0.0002;
5208909;0.0000;
5210383;-0.0001;
5211945;-0.0002;
56;5213506;-0.0001;
5215334;-0.0001;
5216890;-0.0001;
5218451;-0.0001;
5220013;-0.0001;
5221574;0.0000;
5223049;-0.0002;
5224610;0.0000;
5226085;-0.0002;
5227647;0.0000;
5229121;0.0000;
5230596;-0.0002;
5232158;-0.0002;
5233719;-0.0001;
5235281;-0.0002;
5236842;0.0001;
5238317;0.0001;
5239797;0.0000;
5241267;-0.0001;
5242828;-0.0002;
5244389;-0.0001;
5245951;-0.0002;
5247512;0.0000;
5248987;-0.0001;
5250549;0.0000;
5252023;0.0000;
5253498;0.0000;
5254973;-0.0002;
5256535;-0.0001;
5258096;-0.0001;
5259658;0.0000;
5261132;0.0000;
5262607;-0.0002;
5264169;-0.0002;
5265766;0.0000;
5267222;-0.0002;
5268766;-0.0001;
5270328;0.0000;
5271802;-0.0001;
5273364;-0.0001;
5274925;-0.0001;
5276487;-0.0003;
5278048;-0.0003;
5279610;-0.0002;
5281172;0.0000;
5282646;-0.0002;
5284208;-0.0002;
5285769;0.0000;
5287244;-0.0002;
5288806;-0.0002;
5290382;-0.0001;
5291928;-0.0002;
5293490;-0.0002;
5295052;-0.0002;
5296613;-0.0001;
5298175;0.0000;
5299649;0.0000;
5301124;-0.0001;
5302686;0.0000;
5304160;-0.0001;
5305722;0.0000;
5307196;-0.0002;
5308758;-0.0002;
5310319;0.0000;
5311794;0.0000;
5313269;-0.0001;
5314836;-0.0001;
5316392;-0.0001;
5317954;0.0000;
5319428;0.0000;
5321127;-0.0001;
5322467;-0.0001;
5324047;-0.0002;
5325587;0.0000;
5327062;0.0000;
5328537;-0.0002;
5330098;-0.0002;
5331660;-0.0001;
5333222;-0.0001;
5334783;0.0000;
5336258;-0.0002;
5337819;-0.0001;
5339393;-0.0002;
5340942;-0.0001;
5342504;0.0000;
5343978;0.0000;
5345527;0.0000;
5346928;0.0000;
5348403;-0.0003;
5349964;0.0000;
5351439;-0.0002;
5353001;0.0000;
5354475;-0.0001;
5356037;0.0000;
5357511;0.0000;
5358986;-0.0001;
5360548;0.0001;
5362023;0.0001;
5363497;0.0000;
5364977;-0.0002;
56;5366533;-0.0002;
5368395;-0.0001;
5369937;-0.0001;
5371478;-0.0002;
5373040;-0.0001;
5374601;0.0000;
5376076;-0.0001;
5377638;0.0001;
5379112;-0.0002;
5380674;0.0000;
5382148;0.0000;
5383623;0.0001;
5385098;-0.0001;
5386660;-0.0001;
5388221;-0.0003;
5389800;-0.0002;
5391360;0.0000;
5392819;-0.0001;
5394380;-0.0001;
5395942;0.0001;
5397417;0.0000;
5398891;0.0000;
5400366;0.0000;
5401841;-0.0001;
5403402;-0.0001;
5404964;0.0000;
5406439;0.0000;
5407913;0.0000;
5409388;-0.0001;
5410949;-0.0002;
5412511;-0.0002;
5414072;-0.0001;
5415640;-0.0001;
5417195;0.0000;
5418670;0.0000;
5420145;-0.0002;
5421706;0.0000;
5423181;0.0000;
5424656;-0.0002;
5426217;-0.0001;
5427779;-0.0001;
5429340;-0.0002;
5430902;-0.0002;
5432463;-0.0002;
5434025;-0.0002;
5435586;-0.0001;
5437148;0.0000;
5438623;0.0000;
5440103;0.0000;
5441572;0.0000;
5443047;0.0000;
5444522;0.0000;
5445997;-0.0001;
5447558;-0.0002;
5449120;0.0000;
5450594;0.0000;
5452069;0.0000;
5453544;0.0000;
5455018;-0.0002;
5456580;-0.0001;
5458141;0.0000;
5459616;-0.0001;
5461178;-0.0001;
5462739;0.0000;
5464214;-0.0001;
5465781;-0.0002;
5467337;-0.0002;
5468899;0.0001;
5470398;-0.0002;
5471952;-0.0001;
5473496;-0.0002;
5475058;-0.0003;
5476619;-0.0002;
5478181;0.0000;
5479655;-0.0002;
5481217;-0.0002;
5482778;-0.0001;
5484340;-0.0002;
5485901;0.0000;
5487376;-0.0001;
5488938;0.0000;
5490426;0.0000;
5491899;0.0000;
5493362;-0.0002;
5494924;0.0000;
5496398;0.0001;
5497873;-0.0002;
5499434;0.0001;
5500909;0.0000;
5502384;-0.0001;
5503945;0.0000;
5505420;0.0000;
5506895;0.0000;
5508370;0.0000;
5509845;-0.0001;
5511406;-0.0002;
5512968;-0.0001;
5514535;0.0000;
5516004;-0.0001;
5517565;0.0000;
56;5519040;-0.0002;
5520862;-0.0001;
5522423;0.0001;
5523898;0.0000;
5525373;0.0000;
5526847;0.0000;
5528322;0.0000;
5529797;0.0000;
5531272;0.0000;
5532746;-0.0003;
5534308;0.0000;
5535783;-0.0001;
5537344;-0.0001;
5538906;0.0001;
5540408;-0.0001;
5541942;-0.0001;
5543503;0.0001;
5544978;-0.0001;
5546540;0.0001;
5548015;-0.0002;
5549576;0.0000;
5551051;-0.0002;
5552612;-0.0002;
5554174;-0.0001;
5555735;-0.0001;
5557297;-0.0001;
5558858;0.0001;
5560333;-0.0001;
5561894;-0.0001;
5563456;-0.0002;
5565022;-0.0002;
5566579;-0.0002;
5568140;-0.0001;
5569702;-0.0001;
5571263;-0.0002;
5572825;0.0000;
5574324;-0.0002;
5575879;0.0000;
5577336;-0.0003;
5578898;-0.0002;
5580459;-0.0002;
5582020;-0.0002;
5583582;0.0000;
5585057;-0.0001;
5586618;0.0000;
5588093;0.0000;
5589573;0.0001;
5591043;0.0000;
5592531;-0.0001;
5594079;-0.0001;
5595640;0.0000;
5597115;0.0000;
5598590;-0.0002;
5600151;0.0000;
5601626;-0.0002;
5603187;-0.0001;
5604749;-0.0001;
5606310;0.0001;
5607785;-0.0001;
5609347;-0.0001;
5610908;-0.0002;
5612470;-0.0002;
5614031;-0.0002;
5615607;-0.0001;
5617154;-0.0002;
5618716;-0.0001;
5620277;-0.0002;
5621839;-0.0001;
5623400;-0.0001;
5624962;-0.0001;
5626523;0.0000;
5627998;0.0000;
5629473;-0.0001;
5631034;-0.0001;
5632596;-0.0001;
5634157;-0.0001;
5635719;0.0000;
5637194;0.0000;
5638668;-0.0001;
5640235;-0.0002;
5641791;-0.0002;
5643353;-0.0002;
5644914;0.0000;
5646389;-0.0002;
5647950;0.0000;
5649425;-0.0001;
5650987;-0.0001;
5652548;-0.0001;
5654110;0.0000;
5655584;-0.0001;
5657146;-0.0001;
5658707;-0.0001;
5660269;-0.0001;
5661830;0.0001;
5663305;-0.0001;
5664872;-0.0002;
5666428;-0.0002;
5667990;-0.0002;
5669551;-0.0001;
5671113;-0.0002;
56;5672674;0.0000;
5674409;0.0000;
5675908;-0.0002;
5677463;0.0000;
5678920;-0.0002;
5680482;-0.0001;
5682043;-0.0002;
5683605;-0.0002;
5685166;0.0000;
5686641;0.0000;
5688116;0.0000;
5689595;0.0001;
5691065;-0.0003;
5692638;-0.0002;
5694188;0.0000;
5695663;-0.0001;
5697224;0.0000;
5698699;0.0000;
5700174;0.0000;
5701649;-0.0002;
5703210;-0.0002;
5704772;0.0000;
5706247;-0.0001;
5707808;0.0000;
5709283;-0.0001;
5710844;0.0000;
5712319;-0.0001;
5713881;-0.0003;
5715456;-0.0001;
5717003;-0.0002;
5718565;-0.0002;
5720126;0.0001;
5721601;-0.0001;
5723163;0.0000;
5724638;0.0000;
5726112;-0.0002;
5727674;-0.0001;
5729235;0.0000;
5730710;0.0000;
5732185;0.0000;
5733659;-0.0001;
5735221;-0.0001;
5736782;0.0000;
5738257;-0.0001;
5739824;-0.0002;
5741380;-0.0001;
5742942;-0.0001;
5744503;0.0000;
5745978;0.0000;
5747453;-0.0001;
5749014;-0.0002;
5750576;-0.0001;
5752137;-0.0002;
5753699;-0.0002;
5755260;0.0000;
5756735;0.0000;
5758210;-0.0001;
5759771;-0.0002;
5761333;-0.0002;
5762894;0.0000;
5764374;-0.0003;
5765931;0.0000;
5767405;-0.0001;
5768967;-0.0002;
5770528;0.0001;
5772003;-0.0002;
5773564;0.0000;
5775039;-0.0002;
5776601;-0.0001;
5778187;0.0000;
5779655;-0.0002;
5781198;0.0000;
5782673;0.0000;
5784148;-0.0002;
5785709;0.0000;
5787184;0.0000;
5788659;0.0000;
5790139;-0.0002;
5791695;-0.0001;
5793268;-0.0001;
5794818;0.0000;
5796293;-0.0001;
5797854;0.0000;
5799329;0.0001;
5800804;-0.0001;
5802365;0.0000;
5803840;0.0000;
5805315;-0.0002;
5806876;-0.0002;
5808438;-0.0001;
5809999;-0.0001;
5811561;0.0000;
5813036;0.0000;
5814516;-0.0002;
5816072;0.0000;
5817547;0.0000;
5819021;0.0000;
5820496;-0.0002;
5822058;-0.0002;
5823619;0.0000;
56;5825094;-0.0002;
5826916;-0.0002;
5828477;-0.0002;
5830039;-0.0002;
5831600;0.0000;
5833075;-0.0002;
5834636;-0.0001;
5836198;-0.0002;
5837760;-0.0002;
5839335;-0.0002;
5840883;-0.0002;
5842444;-0.0002;
5844005;-0.0002;
5845567;-0.0002;
5847128;0.0000;
5848603;-0.0002;
5850165;-0.0001;
5851726;-0.0002;
5853288;-0.0001;
5854849;-0.0002;
5856411;0.0000;
5857885;-0.0001;
5859447;0.0000;
5860922;-0.0002;
5862483;-0.0001;
5864045;-0.0001;
5865611;-0.0001;
5867168;0.0000;
5868642;0.0000;
5870117;-0.0002;
5871679;-0.0002;
5873240;0.0000;
5874715;0.0000;
5876190;0.0000;
5877665;-0.0001;
5879226;-0.0001;
5880812;0.0000;
5882280;0.0000;
5883737;0.0000;
5885212;0.0000;
5886686;0.0000;
5888161;0.0000;
5889641;-0.0001;
5891197;-0.0001;
5892759;-0.0001;
5894332;0.0000;
5895795;-0.0001;
5897357;-0.0001;
5898918;-0.0002;
5900480;0.0000;
5901954;-0.0002;
5903516;-0.0001;
5905078;-0.0002;
5906639;-0.0002;
5908201;0.0000;
5909675;-0.0001;
5911237;0.0000;
5912712;0.0000;
5914186;-0.0002;
5915753;-0.0001;
5917309;0.0000;
5918784;0.0001;
5920259;-0.0001;
5921820;-0.0001;
5923382;0.0000;
5924856;0.0000;
5926331;-0.0001;
5927893;-0.0002;
5929454;-0.0001;
5931016;-0.0001;
5932577;-0.0001;
5934139;0.0000;
5935613;-0.0002;
5937175;-0.0001;
5938737;0.0001;
5940225;0.0000;
5941686;-0.0001;
5943248;-0.0001;
5944809;0.0001;
5946284;0.0000;
5947758;-0.0002;
5949320;0.0000;
5950795;-0.0001;
5952356;0.0000;
5953831;-0.0002;
5955393;0.0001;
5956867;-0.0002;
5958429;-0.0001;
5959990;-0.0002;
5961552;0.0001;
5963027;-0.0001;
5964593;-0.0002;
5966150;-0.0001;
5967711;0.0000;
5969186;-0.0002;
5970747;0.0001;
5972222;0.0001;
5973697;-0.0001;
5975258;0.0000;
5976733;0.0000;
56;5978208;-0.0001;
5980029;-0.0002;
5981591;-0.0002;
5983177;-0.0002;
5984714;-0.0001;
5986293;0.0001;
5987750;0.0000;
5989225;-0.0002;
5990791;-0.0001;
5992348;-0.0002;
5993909;-0.0002;
5995482;-0.0001;
5997032;-0.0002;
5998594;0.0000;
6000069;-0.0002;
6001630;-0.0001;
6003192;-0.0003;
6004753;0.0000;
6006228;-0.0001;
6007790;-0.0002;
6009351;-0.0001;
6010913;-0.0002;
6012474;0.0000;
6013949;0.0000;
6015428;0.0000;
6016898;-0.0001;
6018460;-0.0002;
6020021;-0.0001;
6021583;0.0000;
6023058;-0.0002;
6024619;-0.0002;
6026184;0.0000;
6027655;0.0000;
6029130;0.0000;
6030605;-0.0002;
6032166;0.0001;
6033641;-0.0001;
6035203;-0.0002;
6036764;0.0001;
6038239;0.0000;
6039719;-0.0002;
6041275;-0.0001;
6042836;-0.0001;
6044398;0.0001;
6045873;0.0000;
6047347;-0.0002;
6048909;-0.0001;
6050470;-0.0001;
6052032;-0.0001;
6053593;-0.0002;
6055155;0.0000;
6056630;-0.0001;
6058191;-0.0002;
6059753;-0.0001;
6061314;0.0000;
6062789;-0.0001;
6064364;-0.0001;
6065912;0.0000;
6067387;-0.0002;
6068948;0.0000;
6070423;0.0001;
6071898;-0.0001;
6073459;0.0000;
6074934;0.0000;
6076409;-0.0002;
6077970;-0.0002;
6079532;0.0000;
6081007;-0.0001;
6082568;0.0000;
6084043;-0.0002;
6085629;-0.0001;
6087166;-0.0001;
6088745;0.0000;
6090218;-0.0001;
6091763;-0.0002;
6093325;0.0000;
6094800;0.0000;
6096288;-0.0003;
6097836;0.0000;
6099311;-0.0001;
6100872;-0.0002;
6102434;-0.0001;
6103995;0.0000;
6105470;0.0000;
6106945;0.0000;
6108419;0.0000;
6109894;0.0000;
6111369;0.0000;
6112844;0.0000;
6114324;-0.0002;
6115880;-0.0001;
6117442;0.0000;
6118916;-0.0001;
6120478;-0.0001;
6122039;0.0001;
6123514;-0.0001;
6125075;0.0001;
6126550;0.0000;
6128025;-0.0002;
6129586;-0.0001;
56;6131148;-0.0002;
6132970;-0.0002;
6134531;0.0000;
6136006;0.0000;
6137481;-0.0002;
6139042;-0.0002;
6140609;-0.0002;
6142165;-0.0001;
6143727;-0.0001;
6145288;-0.0001;
6146850;-0.0002;
6148411;0.0000;
6149886;0.0001;
6151361;0.0000;
6152835;0.0000;
6154310;0.0001;
6155785;-0.0001;
6157347;-0.0001;
6158908;0.0000;
6160383;-0.0001;
6161944;0.0001;
6163419;-0.0002;
6164992;-0.0001;
6166542;-0.0001;
6168103;0.0000;
6169578;-0.0002;
6171140;-0.0002;
6172701;0.0000;
6174176;-0.0001;
6175737;-0.0001;
6177299;-0.0001;
6178860;0.0000;
6180335;0.0000;
6181810;-0.0001;
6183371;0.0000;
6184846;-0.0002;
6186408;0.0000;
6187907;-0.0002;
6189449;-0.0002;
6191023;0.0000;
6192480;0.0000;
6193955;-0.0001;
6195516;-0.0001;
6197089;-0.0002;
6198639;-0.0002;
6200201;-0.0001;
6201762;0.0000;
6203237;-0.0001;
6204799;0.0001;
6206273;-0.0003;
6207835;0.0000;
6209310;-0.0001;
6210871;0.0000;
6212346;-0.0002;
6213907;-0.0003;
6215475;0.0000;
6216944;-0.0002;
6218505;-0.0001;
6220067;0.0000;
6221541;0.0000;
6223016;0.0000;
6224491;0.0000;
6225966;-0.0002;
6227527;-0.0001;
6229089;0.0000;
6230564;-0.0001;
6232125;-0.0003;
6233686;-0.0001;
6235248;0.0000;
6236723;-0.0001;
6238284;-0.0001;
6239851;-0.0002;
6241407;-0.0002;
6242969;-0.0001;
6244530;-0.0003;
6246092;0.0001;
6247567;-0.0002;
6249128;0.0000;
6250603;0.0001;
6252078;-0.0002;
6253639;0.0000;
6255114;-0.0001;
6256675;-0.0001;
6258237;-0.0002;
6259798;0.0000;
6261273;0.0000;
6262748;-0.0001;
6264323;-0.0002;
6265871;0.0001;
6267346;-0.0001;
6268907;0.0001;
6270382;0.0000;
6271857;0.0000;
6273331;-0.0002;
6274893;-0.0003;
6276454;-0.0002;
6278016;0.0000;
6279490;0.0000;
6280965;-0.0001;
6282527;-0.0002;
56;6284088;-0.0001;
6285910;-0.0002;
6287471;-0.0001;
6289057;0.0000;
6290519;0.0000;
6292000;0.0000;
6293457;-0.0002;
6295019;-0.0001;
6296580;-0.0001;
6298153;-0.0001;
6299703;0.0000;
6301178;0.0000;
6302653;-0.0001;
6304214;0.0000;
6305689;-0.0001;
6307251;-0.0001;
6308812;-0.0001;
6310374;-0.0002;
6311935;-0.0003;
6313496;0.0000;
6314977;-0.0001;
6316533;0.0000;
6318008;0.0000;
6319482;-0.0001;
6321044;-0.0003;
6322605;-0.0002;
6324167;0.0000;
6325642;0.0000;
6327116;0.0000;
6328591;-0.0001;
6330152;-0.0001;
6331714;0.0000;
6333189;0.0000;
6334663;-0.0001;
6336225;-0.0004;
6337786;0.0000;
6339267;-0.0002;
6340823;0.0000;
6342298;0.0000;
6343772;0.0000;
6345247;-0.0002;
6346809;-0.0002;
6348370;-0.0001;
6349932;-0.0002;
6351493;-0.0002;
6353055;0.0000;
6354529;-0.0002;
6356091;-0.0001;
6357652;-0.0002;
6359214;-0.0001;
6360775;-0.0001;
6362337;0.0000;
6363811;0.0000;
6365300;0.0000;
6366761;0.0001;
6368236;0.0000;
6369710;-0.0002;
6371272;-0.0001;
6372833;0.0001;
6374308;0.0000;
6375783;0.0000;
6377258;0.0000;
6378732;0.0000;
6380207;-0.0002;
6381769;0.0000;
6383243;-0.0001;
6384805;-0.0001;
6386367;0.0000;
6387841;0.0000;
6389321;0.0000;
6390791;0.0001;
6392290;0.0000;
6393758;0.0000;
6395215;-0.0002;
6396777;-0.0001;
6398349;-0.0002;
6399899;-0.0001;
6401461;-0.0001;
6403023;-0.0001;
6404584;-0.0002;
6406146;-0.0001;
6407707;-0.0002;
6409269;-0.0002;
6410830;-0.0002;
6412391;-0.0001;
6413953;-0.0001;
6415520;0.0000;
6416989;0.0000;
6418464;0.0000;
6419939;-0.0001;
6421500;-0.0002;
6423062;0.0000;
6424537;-0.0001;
6426098;-0.0001;
6427659;0.0000;
6429134;-0.0002;
6430696;-0.0002;
6432257;-0.0002;
6433819;-0.0001;
6435380;0.0000;
56;6436855;0.0000;
6438590;-0.0001;
6440157;-0.0002;
6441713;0.0001;
6443188;-0.0002;
6444749;0.0000;
6446224;-0.0002;
6447785;-0.0002;
6449347;0.0000;
6450822;0.0000;
6452297;-0.0001;
6453858;-0.0001;
6455419;-0.0001;
6456981;-0.0001;
6458542;0.0000;
6460017;-0.0001;
6461579;0.0000;
6463053;-0.0001;
6464621;0.0001;
6466090;-0.0001;
6467651;-0.0001;
6469213;-0.0002;
6470774;-0.0002;
6472336;-0.0003;
6473897;-0.0001;
6475459;0.0000;
6476934;-0.0002;
6478495;-0.0001;
6480056;0.0000;
6481531;0.0000;
6483006;0.0001;
6484481;0.0000;
6485955;-0.0002;
6487517;0.0000;
6488992;0.0000;
6490480;0.0000;
6491941;0.0000;
6493416;-0.0001;
6495002;-0.0001;
6496539;-0.0001;
6498118;0.0000;
6499587;0.0000;
6501050;-0.0001;
6502611;-0.0002;
6504173;-0.0002;
6505734;-0.0001;
6507296;-0.0002;
6508857;-0.0002;
6510419;0.0001;
6511894;-0.0001;
6513455;0.0000;
6514936;0.0000;
6516405;-0.0002;
6517966;0.0000;
6519441;0.0000;
6520916;0.0000;
6522390;-0.0003;
6523952;0.0000;
6525427;0.0000;
6526901;0.0000;
6528376;0.0001;
6529851;-0.0002;
6531412;-0.0001;
6532974;-0.0001;
6534536;0.0000;
6536010;0.0000;
6537485;0.0000;
6538960;0.0000;
6540440;0.0000;
6541909;-0.0001;
6543471;0.0001;
6544945;0.0001;
6546424;-0.0001;
6547982;0.0000;
6549457;-0.0001;
6551018;0.0000;
6552493;-0.0001;
6554054;0.0000;
6555529;-0.0002;
6557090;0.0000;
6558565;-0.0001;
6560127;-0.0001;
6561688;-0.0001;
6563250;0.0000;
6564730;-0.0001;
6566286;0.0000;
6567761;-0.0002;
6569322;0.0000;
6570797;0.0001;
6572272;0.0000;
6573746;0.0000;
6575221;-0.0001;
6576783;0.0001;
6578257;-0.0002;
6579819;-0.0002;
6581381;-0.0001;
6582942;-0.0001;
6584503;-0.0002;
6586065;0.0000;
6587540;0.0000;
56;6589014;-0.0002;
6590850;-0.0002;
6592398;-0.0003;
6593959;-0.0001;
6595521;0.0000;
6596995;-0.0002;
6598581;0.0000;
6600061;0.0000;
6601506;0.0000;
6602981;-0.0001;
6604543;0.0000;
6606018;-0.0001;
6607579;-0.0002;
6609140;-0.0001;
6610702;0.0001;
6612177;0.0000;
6613652;-0.0001;
6615219;-0.0001;
6616774;-0.0001;
6618336;0.0001;
6619811;-0.0001;
6621372;0.0000;
6622847;-0.0001;
6624408;0.0000;
6625883;-0.0003;
6627445;0.0000;
6628919;-0.0002;
6630481;0.0000;
6631956;-0.0002;
6633517;-0.0001;
6635079;-0.0002;
6636640;-0.0002;
6638202;-0.0002;
6639793;-0.0002;
6641325;0.0000;
6642799;-0.0002;
6644361;0.0000;
6645836;-0.0001;
6647397;0.0000;
6648872;0.0000;
6650347;-0.0002;
6651908;-0.0001;
6653470;-0.0001;
6655031;-0.0001;
6656593;-0.0001;
6658154;0.0000;
6659629;0.0000;
6661104;0.0000;
6662579;0.0000;
6664053;0.0000;
6665534;0.0000;
6667003;-0.0001;
6668564;0.0000;
6670039;-0.0002;
6671601;0.0000;
6673075;-0.0001;
6674637;-0.0002;
6676198;0.0000;
6677673;0.0000;
6679148;-0.0001;
6680709;-0.0002;
6682271;-0.0002;
6683832;-0.0001;
6685394;-0.0001;
6686955;-0.0002;
6688517;0.0000;
6689997;-0.0001;
6691553;-0.0001;
6693115;-0.0002;
6694676;-0.0001;
6696237;0.0000;
6697712;-0.0001;
6699298;-0.0001;
6700866;0.0000;
6702310;-0.0002;
6703871;-0.0002;
6705433;0.0000;
6706908;-0.0001;
6708469;-0.0001;
6710031;0.0001;
6711505;-0.0001;
6713067;-0.0003;
6714642;0.0000;
6716103;-0.0001;
6717665;-0.0001;
6719226;-0.0001;
6720788;0.0001;
6722263;0.0000;
6723737;-0.0002;
6725299;-0.0002;
6726860;-0.0002;
6728422;0.0000;
6729896;0.0000;
6731371;0.0000;
6732846;0.0000;
6734321;-0.0001;
6735882;-0.0002;
6737444;-0.0001;
6739005;0.0001;
6740486;-0.0001;
56;6742041;0.0000;
6743777;-0.0002;
6745338;-0.0001;
6746899;-0.0002;
6748461;-0.0001;
6750023;0.0000;
6751497;0.0001;
6752972;-0.0001;
6754534;-0.0001;
6756095;-0.0001;
6757656;0.0000;
6759131;0.0000;
6760606;-0.0002;
6762168;-0.0002;
6763729;0.0000;
6765209;0.0000;
6766678;-0.0002;
6768240;0.0000;
6769715;-0.0002;
6771276;-0.0001;
6772838;-0.0001;
6774399;-0.0002;
6775961;-0.0002;
6777522;-0.0001;
6779084;-0.0001;
6780645;-0.0001;
6782207;-0.0002;
6783768;-0.0001;
6785330;-0.0002;
6786891;-0.0002;
6788453;-0.0001;
6790019;-0.0001;
6791576;-0.0001;
6793137;0.0000;
6794612;-0.0001;
6796174;-0.0001;
6797735;-0.0002;
6799296;-0.0001;
6800858;0.0000;
6802366;-0.0002;
6803894;-0.0001;
6805474;0.0000;
6806931;-0.0001;
6808492;0.0001;
6809967;0.0000;
6811442;0.0000;
6812916;-0.0002;
6814492;-0.0002;
6816039;-0.0001;
6817601;-0.0003;
6819162;-0.0001;
6820724;0.0000;
6822199;0.0000;
6823673;-0.0001;
6825235;-0.0002;
6826796;0.0000;
6828271;0.0000;
6829746;0.0000;
6831221;-0.0002;
6832782;-0.0002;
6834343;0.0000;
6835818;0.0000;
6837293;0.0001;
6838768;0.0000;
6840248;0.0000;
6841717;-0.0001;
6843279;0.0000;
6844754;-0.0002;
6846315;-0.0003;
6847876;0.0000;
6849351;0.0000;
6850826;-0.0001;
6852387;-0.0002;
6853949;0.0000;
6855424;-0.0002;
6856985;-0.0001;
6858547;-0.0002;
6860108;-0.0001;
6861670;-0.0001;
6863231;-0.0002;
6864798;0.0000;
6866268;-0.0001;
6867829;-0.0002;
6869391;0.0001;
6870865;-0.0002;
6872427;-0.0001;
6873988;0.0000;
6875463;-0.0001;
6877025;-0.0001;
6878586;-0.0002;
6880147;0.0000;
6881622;0.0001;
6883097;-0.0001;
6884659;-0.0001;
6886220;-0.0001;
6887781;0.0000;
6889261;0.0000;
6890731;-0.0001;
6892292;0.0000;
6893767;0.0000;
56;6895242;-0.0002;
6897064;-0.0002;
6898625;-0.0001;
6900187;0.0000;
6901661;0.0001;
6903148;0.0000;
6904635;0.0000;
6906086;-0.0002;
6907665;-0.0002;
6909209;0.0000;
6910684;-0.0002;
6912245;-0.0002;
6913806;-0.0002;
6915382;-0.0002;
6916929;0.0000;
6918404;0.0000;
6919879;0.0000;
6921354;-0.0001;
6922915;-0.0001;
6924477;-0.0001;
6926038;-0.0001;
6927600;-0.0002;
6929161;-0.0002;
6930723;0.0000;
6932197;-0.0002;
6933759;0.0000;
6935234;-0.0001;
6936795;0.0000;
6938270;-0.0001;
6939837;-0.0002;
6941393;0.0000;
6942868;-0.0002;
6944429;-0.0002;
6945991;-0.0001;
6947552;-0.0002;
6949114;0.0000;
6950588;-0.0001;
6952150;-0.0003;
6953711;-0.0002;
6955273;-0.0002;
6956835;0.0000;
6958309;-0.0002;
6959871;0.0001;
6961346;0.0000;
6962820;-0.0001;
6964387;-0.0001;
6965943;-0.0001;
6967505;-0.0001;
6969066;-0.0002;
6970628;-0.0001;
6972189;-0.0001;
6973751;0.0000;
6975225;0.0000;
6976700;-0.0001;
6978262;-0.0002;
6979823;-0.0001;
6981385;0.0000;
6982859;-0.0001;
6984421;0.0000;
6985896;0.0000;
6987371;-0.0001;
6988932;-0.0001;
6990499;0.0000;
6991968;-0.0002;
6993530;-0.0001;
6995091;-0.0001;
6996653;0.0000;
6998128;-0.0002;
6999689;-0.0001;
7001250;-0.0001;
7002812;0.0000;
7004298;-0.0002;
7005848;-0.0001;
7007434;-0.0002;
7008989;0.0000;
7010446;-0.0003;
7012007;-0.0001;
7013569;0.0000;
7015057;0.0000;
7016519;-0.0002;
7018080;-0.0001;
7019641;-0.0001;
7021203;-0.0002;
7022765;-0.0002;
7024326;-0.0001;
7025891;-0.0001;
7027449;-0.0001;
7029010;-0.0001;
7030572;-0.0001;
7032134;0.0000;
7033608;-0.0002;
7035170;-0.0001;
7036731;-0.0001;
7038293;0.0000;
7039773;-0.0001;
7041329;0.0000;
7042804;-0.0002;
7044365;-0.0002;
7045927;0.0000;
7047401;-0.0002;
56;7048963;0.0000;
7050698;-0.0003;
7052259;-0.0001;
7053821;0.0000;
7055296;0.0000;
7056770;-0.0001;
7058332;0.0000;
7059807;0.0000;
7061282;-0.0002;
7062843;-0.0002;
7064410;-0.0001;
7065966;-0.0003;
7067528;0.0002;
7069002;0.0001;
7070477;0.0000;
7071952;0.0000;
7073426;0.0001;
7074901;0.0000;
7076376;-0.0001;
7077937;0.0001;
7079412;-0.0002;
7080974;-0.0001;
7082535;-0.0001;
7084097;-0.0002;
7085658;-0.0002;
7087220;-0.0001;
7088781;0.0001;
7090261;-0.0001;
7091817;-0.0002;
7093379;0.0000;
7094854;-0.0002;
7096415;-0.0002;
7097977;-0.0002;
7099538;0.0001;
7101013;0.0000;
7102488;-0.0001;
7104049;-0.0002;
7105622;-0.0001;
7107172;-0.0001;
7108734;-0.0002;
7110320;-0.0001;
7111874;-0.0001;
7113418;0.0000;
7114899;-0.0002;
7116454;-0.0001;
7118016;0.0000;
7119491;0.0000;
7120965;-0.0002;
7122527;-0.0002;
7124088;-0.0001;
7125650;0.0000;
7127125;-0.0002;
7128686;0.0000;
7130161;0.0000;
7131636;0.0000;
7133111;-0.0002;
7134672;-0.0002;
7136233;-0.0001;
7137795;0.0001;
7139284;-0.0001;
7140831;-0.0001;
7142393;-0.0001;
7143954;0.0000;
7145429;0.0000;
7146904;-0.0002;
7148465;-0.0001;
7150027;-0.0001;
7151588;-0.0001;
7153150;-0.0002;
7154711;-0.0001;
7156273;-0.0001;
7157834;0.0000;
7159309;0.0000;
7160784;-0.0002;
7162345;-0.0002;
7163907;-0.0001;
7165482;0.0000;
7166943;-0.0002;
7168505;0.0000;
7169979;0.0000;
7171454;-0.0002;
7173015;0.0000;
7174490;-0.0001;
7176052;-0.0002;
7177613;-0.0002;
7179175;0.0000;
7180650;0.0000;
7182124;0.0000;
7183599;0.0000;
7185074;-0.0003;
7186635;-0.0001;
7188197;-0.0002;
7189763;-0.0002;
7191320;0.0000;
7192795;-0.0001;
7194356;0.0000;
7195831;-0.0002;
7197392;-0.0002;
7198954;-0.0001;